# maturity time: 3.000000
# model size: 5
# number of dates: 1000
# spot: 100.000000 100.000000 100.000000 100.000000 100.000000
# dividend rate: 0.000000 0.000000 0.000000 0.000000 0.000000
# correlation: 0.400000
# volatility: 0.200000 0.200000 0.200000 0.200000 0.200000
100.000000 100.000000 100.000000 100.000000 100.000000
98.252356 99.118654 99.350961 99.507808 98.877804
98.549466 98.925937 100.456315 102.807790 98.505060
98.511243 97.479378 100.195535 102.942100 98.603898
97.878379 96.858437 100.295753 102.026615 98.843187
97.395614 95.414098 99.713145 100.293202 97.919009
98.323719 97.243396 99.200813 101.896181 97.849354
98.671373 96.963096 99.637188 101.646208 98.440882
101.575273 97.529062 99.112338 102.532752 99.877115
101.446807 98.537093 99.346614 103.212084 101.263770
101.472370 99.557038 99.338707 104.497650 100.797450
102.049352 99.688871 101.605298 105.133613 102.376182
100.801229 99.551958 101.151466 105.196167 101.540914
99.406602 99.335824 101.571827 104.864770 101.763002
97.771560 97.494383 98.253203 104.282846 99.681792
97.119824 98.036899 98.360210 104.196312 100.591953
95.908643 98.030572 97.866115 105.073251 99.005239
94.380491 96.562194 95.984110 103.502099 98.114073
94.611518 96.898605 94.867969 103.609843 98.743534
95.549588 95.080364 93.343833 103.122448 98.946406
94.194333 93.015299 91.237790 100.046626 96.165421
94.753893 92.161989 89.282149 100.468506 95.917929
94.735706 92.251683 88.444824 101.305735 96.200331
95.417819 94.461033 89.786909 101.131982 96.439174
96.332040 94.711478 90.803373 102.773257 98.818366
99.011926 95.122573 90.081081 104.668099 100.223862
98.183344 95.175741 90.735225 104.727888 99.189241
97.634414 94.641453 90.039346 103.906473 100.343552
96.315208 94.063108 90.082024 103.665526 100.401806
95.018460 94.023419 89.930164 102.680115 100.308310
93.217301 94.517673 90.115590 101.422185 99.163630
92.574514 93.437746 88.777318 99.919572 97.906189
91.429403 93.475449 90.474235 99.898288 97.066701
91.730781 95.283984 90.259160 99.854048 97.240912
93.052701 98.439130 90.745010 100.970894 97.639137
93.049031 97.679684 90.334908 101.794444 97.340026
93.599300 97.594549 89.409193 100.525805 99.647661
94.058992 97.763381 90.034206 99.249826 100.045752
93.455134 98.544719 88.809240 99.155897 99.332572
93.982817 97.570474 88.548477 98.891049 99.034335
91.764779 96.372557 88.993017 98.007819 98.308690
92.829981 95.240166 89.297786 98.186371 97.229575
93.724294 95.780392 88.891157 97.944914 96.925188
92.731096 96.231279 88.169900 98.598194 97.099835
91.176665 96.141113 88.001102 99.049338 96.649797
90.107250 96.560099 87.137209 100.697057 96.689409
88.057760 96.893000 87.319510 100.204435 95.867099
87.090679 96.520285 88.547870 101.545050 96.847018
86.700487 96.189349 88.665329 101.743016 96.569489
87.319253 96.206392 88.564519 101.397852 97.415481
87.424457 96.698489 89.737332 101.696359 97.929213
88.189393 97.708194 89.378514 101.676033 97.511847
87.946929 98.365939 88.869311 102.849314 99.561020
88.985289 99.492755 89.340660 102.911885 100.660526
88.301953 100.432046 87.999292 103.283421 99.097750
87.083187 98.914051 87.473440 102.717259 98.138641
87.882809 100.987836 88.201869 104.029127 99.363464
87.964704 101.546508 87.586567 104.645018 99.551326
86.865624 102.699597 87.720921 104.517729 98.177928
86.508032 102.752150 86.338744 104.419458 98.278238
86.522126 102.470389 85.738621 104.871182 97.101232
85.722440 99.885427 85.166468 102.286240 95.362196
84.711403 98.915446 84.477398 100.033595 95.435789
85.786160 100.306461 84.668321 99.187570 96.683060
85.435903 98.813870 84.095974 99.260583 97.560982
83.951853 98.113149 83.722746 98.849089 97.089260
83.490871 97.846579 84.291249 98.617603 98.322827
82.540984 97.435089 85.055371 98.510390 99.469886
81.953141 98.966015 84.850362 98.124436 98.651974
83.314966 101.344615 86.077811 98.242096 99.504059
83.062179 102.098331 86.369087 98.271774 98.426016
82.623261 101.062569 86.408648 97.922977 99.025711
82.865765 103.414039 86.597240 99.051462 98.879962
82.983159 103.538453 87.902168 100.096478 97.760197
82.435707 102.829781 88.917347 102.247386 97.546397
83.229279 103.994191 91.585358 102.777915 97.953309
84.030343 104.967992 90.956636 104.330989 98.121515
83.712669 104.150953 91.762633 104.925202 98.789030
82.139553 104.793123 89.268353 104.080494 97.911786
81.905984 105.270973 90.656312 103.453018 99.638831
81.877658 105.490482 90.137628 104.322204 99.941233
81.219808 106.216261 88.887022 102.833504 100.914913
82.201641 106.091119 88.176699 103.377736 99.860782
83.617455 106.682504 88.036662 104.300614 101.356368
82.229235 108.148477 87.796754 105.490699 101.805156
84.195158 110.452947 87.668268 106.819549 103.823177
83.710605 109.255428 85.355642 105.413205 102.697344
84.667629 107.924924 84.859614 106.089580 102.796322
84.679036 107.593208 85.658243 105.727295 102.548761
83.874608 109.186620 85.531229 105.142680 102.080035
83.543537 109.158177 86.109598 104.700833 103.507312
84.073207 110.865860 87.130958 104.230016 103.201803
83.145650 110.596473 87.865094 104.982027 102.482631
83.631765 111.050837 87.140695 107.568194 101.545017
84.693637 112.200010 87.383222 108.142725 102.541874
84.690388 112.881590 87.055370 106.753924 103.096276
84.509319 112.865352 88.460554 106.618117 104.058286
85.074609 112.773708 88.722675 109.356595 105.255592
83.950807 113.936768 88.704121 109.125099 102.115419
84.261410 113.149997 87.174249 108.607649 100.816335
85.704147 115.790961 88.018964 111.896346 102.269445
84.499659 114.526167 87.633559 111.690190 102.163759
84.165215 115.890017 88.194799 110.026437 101.205290
84.735629 115.669790 88.846709 111.296203 101.794483
85.579422 115.528396 89.831967 110.460610 102.225918
85.880361 117.840838 90.655626 111.688469 103.345587
86.628654 118.553867 90.894342 113.094188 104.772044
86.970625 119.303708 91.022268 114.766659 106.065018
86.154711 118.231246 89.385045 113.881224 105.142147
85.980752 117.826679 88.723154 110.971064 103.937987
84.131927 117.226670 87.641923 110.464635 101.906418
83.571601 116.273381 87.666083 111.206276 101.401685
84.118233 116.130098 87.998539 110.913320 99.717968
84.226936 115.827929 87.915890 111.939436 100.683523
85.811422 117.131740 87.591755 112.152606 100.807305
85.215406 117.057291 88.040143 113.393988 102.239570
84.524060 115.357283 87.401591 112.259329 101.459270
85.742930 116.674920 88.181057 113.238305 103.142961
85.048627 116.436727 88.025388 112.474522 102.486540
84.369116 118.050804 87.976270 111.363847 102.453240
84.566547 117.144368 88.318506 111.076736 104.218161
85.217683 117.106470 88.651451 110.608611 104.420389
85.305732 117.856756 88.384026 110.039345 102.975540
85.963325 118.756651 87.853046 110.585846 102.855123
86.514846 120.765257 88.554571 111.133158 104.215270
87.693219 121.815501 87.961708 109.015901 105.069760
85.295225 121.830465 86.070621 108.053326 103.718411
83.338907 119.841692 85.023524 108.003414 101.101244
84.690894 120.892121 85.708194 108.759556 102.532066
85.038138 120.912307 86.930811 109.112300 102.609306
86.137135 122.914297 88.905250 110.240997 103.586488
85.517340 124.836128 90.269036 109.889417 102.921808
84.984194 124.845673 89.645497 106.556444 101.964773
85.505697 127.207513 90.506028 106.237263 102.358140
84.174828 125.819849 90.047148 107.209743 101.407594
83.547746 125.742335 89.153119 106.400095 100.819288
82.932984 125.713155 88.331871 107.838127 101.608392
82.719042 125.197349 87.410979 107.700667 100.171546
84.291558 124.909486 87.722165 109.139027 100.680465
83.424943 123.539930 86.402363 106.707599 100.752983
82.549215 124.350710 87.229165 105.956173 100.493307
83.004254 124.274635 88.185958 106.992217 100.020641
84.143496 123.897862 88.891692 106.353624 98.320818
84.146478 122.403363 88.183513 105.664141 97.349208
83.278404 120.219491 86.219230 104.477432 94.942314
83.845894 120.917512 85.910947 105.768069 96.813681
85.368314 121.087431 86.057011 105.062115 96.843685
87.346358 121.063260 86.823966 105.821674 98.344673
87.550818 120.638179 87.152099 105.177294 98.139547
87.155408 120.290542 86.155376 104.015953 98.531363
87.229533 120.077422 86.495053 102.533376 98.459422
87.298512 120.353351 87.393224 102.865021 97.530025
86.488704 118.641321 86.711065 103.527850 97.546388
87.088315 119.144139 87.762705 104.197710 98.569289
86.261369 116.981056 88.604942 103.689067 96.618695
84.661910 117.299258 87.846063 103.792326 97.717533
84.539894 118.080615 86.557476 101.701542 98.644696
84.807045 117.457276 86.543463 102.914446 98.232025
85.488829 116.932276 87.135607 101.966879 97.107032
85.533940 116.479736 87.006951 101.594945 97.886677
84.990111 116.578238 87.047862 102.255536 98.104835
85.399846 116.785938 86.958408 100.088006 96.818706
87.053491 117.547494 88.689650 101.832764 97.779691
85.928925 116.284785 87.287571 100.476351 97.026737
85.361709 117.007196 86.841263 100.138011 96.784494
85.974599 115.121106 87.193667 101.134021 96.674405
84.463083 113.761503 85.561322 99.174224 96.201365
83.416320 113.845194 84.964959 98.420198 95.942345
84.022079 113.103454 84.205322 97.862028 94.282601
85.482974 111.379677 83.945405 97.654335 94.198320
86.368505 110.048456 83.494015 96.819002 94.157404
87.660211 110.024610 82.707105 96.849425 94.988029
87.657848 107.684122 82.491949 97.858540 94.001285
88.144374 107.589578 81.235795 97.813681 93.759982
88.901518 109.252961 82.226592 96.880940 94.785395
88.036105 109.617103 82.757404 96.690772 95.959278
89.757573 109.632427 84.521472 95.770844 97.074885
90.070808 109.043792 85.659411 97.256976 97.442603
88.901925 109.645671 86.741212 96.935404 98.482605
90.475058 112.236042 86.801899 97.758144 99.334848
88.965479 110.637723 86.112064 97.909700 99.268672
88.151802 111.266089 85.739267 98.145784 97.674351
88.222224 111.885571 85.494077 99.158062 97.447926
88.729147 110.065687 85.143883 98.742049 95.895159
88.707253 109.895520 85.046263 96.887593 97.245117
86.991571 109.736344 85.038299 95.764689 98.446411
87.402128 111.734442 85.247588 96.948730 99.248255
86.209646 111.406768 84.125203 95.284636 98.180724
86.612320 114.288708 84.215392 97.959850 99.545019
86.433641 114.320540 85.613486 97.219424 100.042360
87.988048 114.407056 85.844116 96.691187 100.166153
88.846138 113.533786 86.510227 96.905506 101.297583
88.027327 113.337658 86.920192 96.380842 100.926811
88.290512 113.665192 87.331569 98.514749 102.941529
88.226803 113.307006 87.831661 99.246531 101.403501
87.986589 114.564922 90.010726 100.027865 101.391736
87.593912 114.463987 89.837966 99.815341 101.119164
87.699295 111.829638 88.781088 100.045468 100.980463
87.032812 112.072842 88.387280 100.450895 100.803102
86.061281 112.654569 88.638407 99.591976 100.240625
86.099975 112.043547 87.469955 99.420973 97.850497
86.485934 111.924112 88.668222 99.684166 97.940724
86.857080 110.537407 86.495427 98.451815 97.253568
84.308802 109.793753 85.409902 97.678906 95.144724
85.305210 111.767987 86.453622 98.177895 95.892933
85.206759 111.692032 86.494069 96.642088 95.077026
86.135350 113.049588 87.536465 98.303418 97.414593
85.295061 111.780148 86.170366 96.116861 97.957086
84.799849 113.410602 85.573966 96.282068 96.683800
84.549023 111.270690 83.407141 94.531030 95.924939
84.695753 110.437332 82.950072 93.951411 96.585569
85.754160 110.103626 81.974966 94.778643 97.956841
86.562367 110.891357 82.985339 94.621647 99.164513
85.960464 109.617523 83.131578 94.572481 97.994191
84.823499 109.952334 81.843451 95.265540 97.765841
84.908265 108.449532 81.462428 94.269888 96.900326
84.062192 105.064470 79.753509 92.501340 96.193680
84.609634 104.539007 81.890226 92.757521 95.489285
84.566774 103.161820 81.223957 91.463796 94.845782
85.110347 102.483657 80.367664 91.378649 94.108720
83.740325 102.393461 79.716089 91.806748 93.398449
84.088260 102.661702 80.089191 91.130250 92.674084
83.471320 101.476444 80.139222 90.562583 92.338045
82.840434 101.642768 80.889597 90.402359 93.295973
83.105019 102.023476 81.536310 92.696463 93.029389
83.699779 104.296167 82.299951 92.911053 93.171523
83.965422 103.475849 82.592600 94.178582 92.043133
85.757987 105.235077 83.124406 94.044729 93.189122
86.579618 106.308907 85.407778 94.906138 94.420615
84.943716 106.163493 84.624462 95.251820 93.540846
84.389856 106.368555 85.336704 96.358355 94.372784
85.419199 106.280592 85.774894 95.851055 93.738018
85.874998 107.092368 86.766385 96.193839 92.201870
86.392393 107.633188 86.521663 97.952212 92.975513
86.156897 108.700362 85.133036 95.820269 92.043159
87.292175 108.370910 84.657637 96.814279 93.527293
86.688500 106.973448 85.369405 97.772152 94.220648
88.258853 107.405631 84.404035 97.654732 93.726489
88.843327 107.845971 84.632574 97.919339 93.330148
88.875359 108.666025 85.018747 98.061262 93.513755
88.947827 109.453365 85.110637 96.607930 95.004847
86.800263 109.254468 85.164707 93.974576 93.941251
87.303820 110.144617 85.292044 92.306667 93.562638
86.475726 110.105179 84.701567 92.538580 92.042828
85.068948 109.905585 84.298122 91.401970 92.419917
86.904033 111.020936 83.742508 93.385223 93.321054
86.052158 109.377107 81.881261 92.444743 92.680046
86.958863 109.564438 82.834910 91.629081 91.973986
86.353023 108.980054 83.723586 92.315041 91.540555
85.394080 108.681799 83.238923 92.256117 91.513208
84.984090 108.669192 84.327065 93.528402 92.467116
85.635337 108.650415 84.666527 91.578344 91.453128
85.224013 108.827006 85.441241 91.409628 90.480232
85.678782 109.310707 84.647791 92.693766 90.708971
85.282187 109.794915 84.820629 93.472352 90.248367
87.347477 113.186399 87.513273 95.228847 90.711975
87.261681 115.129609 87.700042 94.608925 89.650149
87.607468 116.498686 88.812163 97.020961 89.416265
86.601850 118.017608 88.028488 97.073378 89.922325
86.462968 118.065962 88.544758 96.344417 89.666857
85.858921 118.377160 86.234715 96.804544 88.886869
84.398475 120.322215 86.126411 95.978842 88.928667
84.364475 120.439567 86.315161 95.814531 87.294800
85.103588 120.616451 87.238050 95.042233 87.935977
84.673646 120.179185 88.770652 94.976566 87.251114
84.740141 119.858896 90.432857 94.711068 87.047153
85.293618 120.543572 89.768901 94.367652 86.862469
86.133294 120.232427 90.992203 93.815574 87.569819
86.641610 120.646911 90.173103 92.089058 87.553959
85.789360 119.436840 90.042381 92.946173 87.130864
85.832035 119.149322 90.194088 92.110336 86.141750
85.651747 120.833990 91.135694 92.239102 85.964445
85.721708 121.497548 91.693162 92.515017 85.823472
86.291322 121.937586 92.854511 91.815639 85.174121
85.740588 122.074402 92.977420 91.684918 84.203332
85.969580 122.475958 93.153971 91.791202 84.531553
85.480002 123.119315 93.845948 90.921810 85.271545
84.710978 121.569868 93.025336 90.603758 85.542006
84.894297 122.330345 93.750648 90.528185 87.675753
84.902704 122.698753 93.363571 89.801902 86.952227
82.500055 119.553737 92.787787 89.414016 86.277511
83.673849 122.014940 94.687798 90.154267 88.473928
83.333400 123.536435 95.567671 91.272744 89.728551
82.415537 122.179707 93.913113 89.605308 89.075357
82.600470 124.016427 95.348759 89.455646 88.613555
80.831421 122.903561 94.806187 87.995787 88.672787
80.894508 123.030510 94.055682 87.175499 88.414328
81.013367 123.430892 93.372536 86.063413 87.570485
80.583440 123.610169 92.770807 85.801828 87.993454
79.469886 123.513319 91.041146 86.570331 87.784246
79.802554 122.085035 90.553996 86.652912 88.865338
80.025361 123.015873 90.634677 87.297352 88.453042
79.757902 122.639757 91.708986 86.481860 88.713391
80.942286 123.306910 91.861369 86.790758 89.373074
80.259374 121.635419 90.329735 84.700254 87.924533
80.187570 121.266917 90.065255 85.797015 88.616479
79.826690 120.943462 89.374062 85.576357 88.653004
81.092094 120.888514 90.479338 86.255191 87.801626
80.309661 121.523632 89.491686 87.797502 87.160292
80.174049 122.160613 88.835619 88.029097 87.145100
80.635525 123.433158 89.112009 88.847481 87.229079
79.640587 122.551473 87.018840 90.568630 86.798984
80.237419 123.090018 87.995280 90.727805 86.325379
81.664260 124.985393 90.184922 91.643616 88.566715
80.299824 124.443311 89.671982 90.947210 88.122476
80.501534 122.760547 89.985106 89.236208 88.882036
80.378091 121.006753 90.805880 89.635371 89.402606
80.375428 120.653053 91.983952 90.481430 90.308679
80.072240 122.181112 91.434527 90.575751 88.429675
79.304859 120.924339 89.193938 90.613478 88.486648
78.164581 119.118615 87.949849 89.901401 88.741810
77.676160 116.763626 86.600662 87.600494 88.337636
77.893190 117.391515 87.855078 88.500133 88.237344
78.185861 116.271219 86.320903 88.300980 87.752552
77.659847 114.852112 84.767010 89.303143 86.234681
77.969682 114.666529 84.697506 90.024497 84.575319
77.069025 115.179740 82.818786 90.600538 84.059236
79.325495 115.586061 85.612783 93.269741 84.106210
79.312935 116.327343 86.213366 92.368308 83.381216
78.129483 115.048754 85.433487 91.788004 81.533295
77.852599 111.771383 84.142745 91.802555 81.247301
78.682296 113.953813 85.610777 92.033229 82.854885
79.247658 113.841091 85.120577 90.693916 82.806010
78.164385 112.019924 83.821060 89.679994 81.948013
77.478999 111.654462 84.047385 90.122308 82.404539
77.893910 114.608574 84.424958 89.959106 83.144549
78.572417 115.998684 85.664162 90.420310 83.005971
78.794516 118.522541 86.384062 90.183557 83.106624
77.990611 117.299492 87.248133 89.665170 84.082207
78.172711 118.482523 88.298714 90.525899 84.567374
79.160126 119.303583 88.355776 90.648787 85.736868
78.945749 118.116619 88.125404 89.928380 85.982602
78.310352 119.392518 87.329075 90.232253 86.281748
78.607495 117.474829 87.842200 89.427934 86.417406
79.198805 118.299642 88.071323 89.701182 87.132472
79.351867 118.647382 88.914020 89.788082 87.534475
79.234624 120.130550 90.269614 89.229100 88.199610
78.201720 119.140676 89.050032 88.908163 87.721671
78.254804 120.069613 88.259708 89.393340 88.626002
78.211419 119.628547 88.245911 88.952488 86.910397
79.325717 120.639987 89.222723 90.079393 88.754891
79.245468 120.866441 90.859585 89.321215 87.679611
78.880934 119.121021 90.099054 88.145267 87.922207
79.602128 118.948423 89.572841 88.664143 86.832852
78.033199 118.029130 87.957631 89.390007 85.067343
78.026804 119.354240 88.360889 90.045643 85.112540
77.508583 119.035134 88.250903 88.945546 85.075348
77.266050 118.455422 88.438127 88.803153 84.414521
78.108887 117.491444 88.825229 89.343399 84.433630
78.338057 117.894641 88.040103 89.240480 85.316022
78.449630 117.449850 88.549069 89.800487 86.411836
77.962719 116.098077 87.360171 88.841308 84.852924
77.964611 116.543769 87.686094 89.860977 85.943732
80.276350 117.698450 89.905351 91.092175 87.594803
79.723332 117.037651 89.659560 90.792022 87.668861
78.269556 115.113874 90.084050 90.296956 87.100880
76.317062 114.783892 89.606690 90.117443 86.771010
75.976623 113.506908 88.947016 88.909672 85.115955
77.179671 112.985651 89.037427 87.377089 85.394147
76.346194 111.774106 88.669166 86.388802 86.119426
75.623118 109.343159 88.922616 83.729971 85.772351
76.921881 110.542001 89.488051 85.119395 86.120019
77.085434 109.208863 89.818108 85.774294 85.768107
77.205977 110.478183 88.679497 84.905270 86.362997
78.719248 112.790704 90.621627 85.967862 88.261733
77.568838 112.963165 89.945194 84.668098 87.963663
76.658888 112.428488 91.089286 83.861094 88.036682
76.902772 110.822239 91.658785 82.171440 88.607182
77.091249 109.727838 90.072747 81.979028 88.892307
76.870626 109.018131 89.055350 81.871193 88.590625
77.820519 109.496494 88.774351 81.537019 88.861235
77.188340 109.661346 88.725211 83.379143 89.278606
77.181220 109.145165 89.033898 83.916545 89.031289
76.597263 107.802120 88.517396 83.719633 88.816739
78.106306 107.775880 88.707021 83.957733 88.972043
79.742825 108.145038 90.259806 84.450611 91.601990
79.256425 108.661017 89.386774 83.623570 91.718189
80.088944 110.128995 89.951952 83.492090 92.025891
79.841165 110.189468 88.553738 82.209210 91.913707
78.841618 108.678089 87.632860 81.898953 92.144319
78.735735 106.379269 87.053340 81.875897 90.428463
78.488235 107.267672 87.742460 82.732583 90.418967
77.445943 107.172834 87.846520 82.326188 89.468484
76.655271 106.239102 87.482099 82.612747 89.749371
75.823046 105.176280 88.887436 82.957252 91.175312
74.543139 105.271556 90.613397 82.330755 90.607398
74.417891 103.833328 90.517356 84.961777 90.232950
73.015833 102.794014 90.126389 83.503413 89.142097
72.967994 102.610657 90.559252 82.520391 89.060771
72.159962 103.809786 90.763974 82.411809 87.826950
71.705079 104.353403 91.353619 82.853638 86.832083
72.406111 105.519752 92.117685 83.998281 85.236731
72.349130 103.289590 90.289778 83.496480 84.385345
71.304159 101.851043 89.631898 83.793919 83.660620
72.026506 102.665557 90.093289 83.999150 83.330847
72.046930 103.859670 90.893866 84.192836 83.800229
72.485405 104.198931 91.866413 85.396504 83.726673
71.748044 104.050278 90.802926 85.528375 82.917726
71.715713 101.739707 89.714104 83.954044 81.753760
71.020936 100.677906 89.152461 82.582215 80.543253
70.857065 100.815595 88.677147 82.241003 80.578771
70.363792 99.715258 88.382497 82.008583 80.383575
70.871454 100.897940 88.937999 83.839638 81.154449
70.391972 100.932408 88.434176 84.837858 81.071606
69.298794 101.337772 87.763375 85.699637 81.520851
69.940834 100.068100 85.775682 84.769903 80.539777
68.865137 100.197618 84.566605 83.178184 79.749476
68.716101 100.645661 85.250046 83.767747 81.418902
68.758976 100.668582 84.493770 83.217237 81.304639
67.628258 100.921387 83.791715 83.053321 79.885358
67.714678 99.563044 85.626303 82.638241 80.604761
67.989845 100.210397 85.397382 83.081901 80.110973
67.041683 100.969863 85.828070 82.868499 80.750917
65.369267 100.346108 84.145335 81.535962 78.901913
64.443182 99.878241 86.144587 82.247543 79.308111
63.939498 97.788661 86.804067 81.233562 78.908714
64.573862 99.481046 88.618611 83.293305 78.798782
64.766215 97.730351 89.222704 84.463792 78.995322
64.129025 96.046518 87.922452 84.211472 78.227386
64.436119 96.723852 87.859733 84.108258 78.081030
65.065754 97.321243 86.973511 85.354524 77.907778
63.993826 97.235015 84.819145 85.066852 77.855249
64.014384 96.743863 83.954535 84.661443 77.569474
63.585647 95.530419 82.851104 84.456144 75.800741
64.278620 96.838398 83.285093 85.960602 76.074735
64.048368 97.801117 83.022113 84.746212 75.835766
63.014433 97.562228 82.612718 83.724924 76.410470
63.401518 95.546966 81.675641 83.525102 75.402554
64.050600 96.014149 81.375640 84.140365 76.577073
63.995879 98.083432 81.726373 85.430197 77.992610
64.881021 96.686901 80.977013 86.138198 76.652089
64.779006 96.064390 80.636290 85.028955 76.939504
65.657270 96.078267 80.167058 83.247134 76.684511
64.754612 95.114694 80.892265 82.672747 75.475791
64.958138 95.404048 80.510511 82.048925 75.592659
65.254812 96.125694 79.291665 82.214421 73.734083
66.349357 95.175961 80.733958 82.521397 74.337512
66.216083 95.416021 81.314996 82.313488 73.156817
65.976156 96.633046 81.036492 82.357126 73.855725
65.556740 97.639851 80.309645 82.143321 75.159897
64.974287 96.759556 79.741904 81.978386 74.016235
66.679297 98.215401 79.675433 82.579767 73.997126
66.940485 96.938176 79.700479 83.347856 73.938334
66.568253 96.583380 80.171754 82.364213 73.534433
66.486578 95.948520 79.338486 81.699661 73.575743
66.285575 95.875277 79.222885 82.037904 73.268561
65.427320 95.403249 78.234523 81.076944 73.342896
64.316597 95.533056 78.264174 81.336363 73.410370
64.577083 95.481422 78.802886 81.818386 73.581566
63.758745 95.971160 79.518220 81.490412 73.769871
63.389200 95.787509 79.526314 81.739349 73.920470
62.942597 94.589415 79.658252 80.919678 74.733583
63.455360 94.743736 80.874309 82.371124 75.769254
63.322156 95.268242 80.775814 81.428650 75.202286
63.594141 96.306291 80.798362 82.839212 76.299157
63.509989 95.480519 80.454473 83.389989 76.307591
64.123008 95.404419 79.801396 82.902387 77.014422
62.960727 95.655344 79.168294 80.866202 76.812865
63.390947 93.778562 78.623923 80.268649 77.105923
64.277436 92.481746 78.637051 80.716666 77.621513
63.975538 94.128977 79.053010 80.996837 77.513247
64.635606 93.536851 80.241866 80.950520 77.342494
66.847156 93.499501 81.944278 81.394187 78.793102
66.433444 93.736845 82.700601 82.643560 79.230379
66.556502 93.770450 82.881572 82.886340 78.887865
65.008176 95.387706 83.442731 83.066585 79.054788
65.925259 95.651807 83.689871 82.574122 79.728968
66.143411 94.085502 83.818663 81.866879 78.697174
67.059054 93.725510 84.109055 82.082772 78.409496
66.680092 94.936144 82.777357 81.897270 79.110252
65.256937 93.694094 81.498700 80.226768 78.241574
65.894845 93.551183 81.252230 78.758915 78.008349
66.307810 91.564870 80.666839 78.808097 77.621856
67.060162 92.570669 81.091358 78.419938 78.758682
65.475469 90.030394 80.185825 76.704770 78.305417
66.125076 91.605869 81.512580 77.765378 78.081729
65.348282 90.038801 82.358378 77.038146 77.678818
66.159607 88.711111 82.732733 76.268389 78.112580
65.647539 88.535684 82.324572 75.612378 78.204506
66.178971 90.328265 83.351371 77.663454 79.401766
66.774948 92.420906 84.062540 78.656941 80.685029
66.416146 91.671382 84.069224 78.660796 80.742205
66.783501 93.906487 84.075776 78.607708 80.989789
66.777710 93.055873 83.642227 78.503623 80.572980
66.540438 92.255781 84.510227 79.131115 80.466262
66.464219 92.341019 83.866599 79.512432 81.268228
67.216202 92.504989 85.087038 81.071052 81.987921
68.765479 95.128111 86.569447 81.821151 83.070045
67.195232 93.615227 84.031783 81.543965 81.472532
67.077886 93.617555 82.919419 81.077523 80.474487
65.389954 92.432864 82.446924 80.097103 79.701229
64.596621 91.989062 80.287214 79.599331 78.324977
64.016725 90.531302 79.990138 79.025440 77.957310
64.485367 90.513501 80.454162 79.040824 78.788538
65.068785 90.423724 80.926906 78.139410 78.929865
65.503663 89.649744 81.257034 79.072337 78.750769
64.747576 88.145103 81.159048 77.881924 77.769606
63.687822 86.416233 80.299494 76.787059 76.090658
64.129205 86.056273 80.143223 77.120384 77.376223
63.297287 84.457298 79.729854 76.263959 76.791367
62.951878 83.884739 79.459765 75.581190 77.218914
61.858785 85.362697 78.578473 75.227559 76.054072
61.280742 85.254481 76.546586 74.107680 75.383984
61.830523 87.197997 76.950856 75.203880 75.237311
63.034923 88.088190 77.698506 75.562245 75.570339
62.612481 87.291014 77.440010 74.800893 75.537757
62.818195 87.365027 77.543710 73.417697 75.076679
63.188065 87.968454 77.404056 73.109220 76.971326
63.496108 87.630102 76.684021 73.687377 76.346008
63.538315 87.110514 76.988224 73.840804 76.114782
63.422392 86.722227 77.712630 73.959183 76.414301
61.679824 85.686420 77.757854 73.586088 75.350797
61.673113 86.258940 78.407226 73.528336 75.126584
60.390541 85.899294 77.003898 73.936879 75.055151
60.463592 85.355905 77.247948 74.015997 74.941382
60.050183 86.036029 77.207652 73.607865 74.973820
60.030640 86.398003 78.571931 72.465006 74.911798
59.075076 86.264669 77.354755 71.699231 73.852208
59.316924 87.295630 78.350679 72.841669 75.000291
58.977494 88.036755 77.802281 72.578715 74.685783
59.396557 88.740621 76.980810 72.616527 75.283004
57.912153 86.607004 75.573367 71.303088 74.028141
57.784431 86.822931 73.999201 71.492787 73.701121
56.817948 87.893547 73.499296 71.105642 73.356544
58.409032 89.333192 74.565729 70.552908 73.964240
58.537044 88.821388 75.666848 69.869910 74.466720
58.877464 89.433132 76.365830 69.904837 75.122705
58.768192 89.453672 74.894781 69.547438 73.731264
59.112099 89.142928 74.144323 70.123789 74.680919
59.929658 90.403771 74.736563 70.369839 75.555596
60.753273 90.802493 74.909732 70.902373 76.588984
61.841973 91.497495 76.078400 71.865973 78.264286
61.749545 91.353586 77.059459 72.444167 78.753755
61.900461 91.212358 75.794770 72.087162 79.287294
60.697456 91.052829 75.896256 72.829142 79.022034
60.519859 89.898765 75.206920 72.995356 79.246699
61.046161 91.090289 75.588999 72.941938 79.848735
60.679665 90.827354 75.705715 72.218114 79.191751
60.576428 91.696931 75.424629 71.728668 79.327081
61.294344 91.437128 75.226226 71.390264 78.676104
62.539450 93.771855 77.509832 73.631277 79.287732
62.328630 94.570841 77.494901 74.000534 79.895587
62.545177 94.633873 78.495283 73.964415 79.349443
61.178547 94.283216 78.299323 72.737273 79.860168
61.433097 94.450608 79.147682 73.860508 81.494748
61.927695 95.394020 79.483924 75.305861 81.977677
63.187568 96.691266 80.457791 74.992674 82.329382
63.298953 97.083736 80.757790 75.745644 84.022303
62.150934 95.797757 80.692032 74.009536 82.856729
63.068418 96.354213 82.381856 74.721508 85.427989
63.869291 98.077053 82.517774 75.896200 84.469250
64.571910 97.542914 81.635750 75.107987 83.028519
63.676635 95.546921 80.217719 74.472344 81.518761
63.125428 95.827090 79.790780 75.015234 81.631277
63.608443 98.490600 80.627110 76.214259 80.507573
63.452078 97.737336 79.998467 75.974324 79.243350
64.503072 98.782771 80.857997 77.672995 80.300512
65.593044 98.304676 83.296595 78.357986 82.294641
65.898299 98.611220 84.387310 80.057422 83.121189
65.480038 99.023489 85.423893 81.358630 82.991212
64.620841 97.919958 84.933554 81.224691 80.826960
64.498166 97.305184 85.349785 80.518516 81.120736
64.826233 98.335438 85.773129 80.570677 80.237397
64.805357 98.968198 86.752428 80.572361 80.640743
65.374148 97.310351 87.261937 80.117813 80.284999
64.837954 97.915110 86.845723 80.274857 80.617696
63.780214 97.158646 86.392567 80.294522 79.999510
63.442704 96.171019 86.122377 79.307428 79.712006
64.133991 97.288129 85.561096 81.124016 81.689080
63.884472 99.020686 86.839948 80.958775 82.280367
64.569250 99.712955 87.947588 81.342835 82.150533
64.770623 100.518973 87.792793 81.110473 82.520398
65.527342 102.041681 89.080342 80.740058 84.742087
65.080879 101.580308 89.229264 81.381854 84.119520
65.213484 104.009955 89.671836 82.728006 84.440769
65.527700 104.169918 89.771994 83.387457 84.152038
64.128578 103.614933 89.082551 82.886896 84.620596
64.152611 103.650798 89.054369 81.863260 85.204039
64.808717 101.877441 89.209527 81.357572 85.530006
65.631051 103.074940 90.613621 82.969133 87.239164
64.831497 101.562066 90.613308 81.205519 84.885460
65.339306 101.118046 92.436314 82.148506 84.659580
66.879217 102.827008 93.781197 82.661954 86.023910
67.250670 103.621193 94.567945 82.992106 87.255700
67.367546 104.050808 92.592694 82.380856 85.622707
68.064384 104.711290 93.015431 81.645618 85.566186
68.983654 105.656444 93.761233 82.043923 87.316910
70.024093 106.772083 94.047747 83.832960 87.905208
69.516370 106.715189 93.120239 82.933924 88.352204
69.351494 106.650229 92.334585 82.112116 87.836506
69.611221 105.465534 91.364133 81.251856 86.963035
69.967336 105.792764 89.821078 81.539466 86.640635
69.789544 105.871579 89.837876 81.250741 85.702566
70.269755 106.065508 89.130226 80.457300 87.016486
71.400739 106.088574 89.855004 80.417926 86.162006
70.933642 105.093477 88.296938 79.226724 84.889514
70.538481 103.550216 88.331158 77.455993 84.858211
69.683169 103.058875 88.619178 77.799272 85.573197
70.726833 102.711712 89.675662 79.535873 85.650145
69.942843 101.247303 87.554326 78.788706 85.055863
68.369288 100.472594 87.377179 77.354777 83.527525
68.526635 101.288558 87.707898 77.212554 84.425969
68.162471 100.877376 86.608453 75.837959 84.265180
67.609609 100.647453 85.781313 75.576620 84.066993
68.283139 99.606621 85.512143 73.990120 83.270329
66.604423 99.086744 84.383186 73.228343 82.247608
66.832880 100.716990 84.167842 73.201497 83.288196
66.177564 101.926998 85.035293 73.332637 83.299427
66.390625 103.940600 85.467131 73.850346 82.799555
66.885428 103.953960 85.725416 74.512283 83.675236
66.695198 105.246594 84.491098 74.035899 83.141314
65.676327 104.407880 84.070892 73.423052 82.458492
66.060217 103.773368 85.701642 73.689150 83.362161
66.412039 101.982161 85.522930 73.059581 83.470891
66.339736 100.693852 86.951827 73.203886 83.525233
66.585861 98.801830 87.764973 73.198744 83.477137
64.883622 95.395955 85.685706 72.911979 80.844949
65.874724 96.224375 86.221549 73.267768 81.163669
64.615821 96.073699 84.554805 73.229572 80.244948
63.315741 95.765060 83.756245 72.692856 80.037211
62.717258 95.658204 83.636682 72.745134 80.134797
62.594629 94.129344 82.963898 72.141104 79.096719
61.565442 93.401068 82.462992 72.378349 78.001476
62.003834 91.884525 81.560633 71.559773 77.284403
62.803916 91.694017 84.191585 72.419231 78.071354
62.564745 90.653365 83.594167 70.718990 77.271371
63.224595 91.633398 84.416124 70.399509 77.193967
63.440955 90.975167 84.632357 70.733030 77.767134
63.001306 89.910491 84.992330 69.487090 76.998386
62.487447 88.126198 84.162701 68.815962 77.563703
60.981836 87.217232 81.809241 66.783396 74.981611
61.022740 87.828142 82.433070 65.756868 73.242752
59.842582 86.531272 82.008525 64.727188 72.579810
61.138677 87.013492 82.190338 65.689941 73.153251
61.236021 87.118642 82.892153 65.992408 72.060781
60.753185 85.800306 81.561019 65.095061 71.501153
61.073849 87.716148 82.067486 65.655019 71.457563
61.017668 87.457809 80.682383 66.000576 71.705481
60.993982 88.905163 80.210886 66.269768 71.017982
61.546815 90.127904 82.338715 67.414911 73.360284
62.457976 91.041564 82.084038 67.948711 73.957933
61.727774 90.515264 81.182220 67.954165 73.213004
61.249314 90.221091 82.486669 67.175532 72.812374
60.635906 89.087892 81.891795 66.916606 72.487402
60.666889 90.190391 81.708851 66.482512 71.840447
60.411685 90.468690 81.474413 66.954392 71.907522
60.841450 89.784649 81.401484 68.105246 71.052565
60.972862 90.135702 83.126030 69.557473 72.330212
59.912493 89.931998 84.376715 68.841055 71.723505
59.745257 92.031178 85.063703 68.550470 71.668467
59.863808 91.005738 84.697552 68.878837 72.555789
60.036025 90.673245 84.681120 67.732554 72.376937
61.054709 91.687753 86.033161 68.496175 73.792147
60.887418 92.176578 86.920870 69.840170 73.793432
60.936795 92.056236 86.464077 69.474004 74.089541
60.730976 90.647701 84.954680 68.272310 73.090212
61.843919 92.471269 84.970574 69.834962 75.669866
61.745212 93.174232 84.192715 71.044371 75.674050
62.170848 94.769742 86.072109 71.467569 76.574665
62.124308 97.175771 86.932661 71.619760 76.794187
62.587599 96.566818 89.188360 71.300458 77.256944
63.130547 96.118409 89.469963 71.391248 77.413841
63.571379 96.884603 90.242206 72.609347 77.206833
62.503567 95.478048 90.336326 72.994271 75.707508
61.753191 93.883361 89.893616 73.054886 74.633386
60.839773 94.017589 89.580878 72.223953 73.849572
61.254672 94.526866 89.530137 72.200041 74.533018
60.666209 94.131847 91.158122 72.699728 75.667001
59.389333 93.591147 90.656634 73.765321 75.237456
59.517584 93.174761 92.542236 73.439001 76.189557
60.794566 96.657455 94.333219 73.334940 77.609918
60.145432 98.326967 95.383268 73.860379 78.370488
60.529830 98.982165 95.415660 73.665129 79.209332
59.525063 98.661675 94.273395 71.567683 78.214979
60.102129 99.504799 95.059672 70.662891 77.220767
59.614658 99.317968 94.457243 69.195551 77.208674
59.156405 99.719871 94.600615 68.980124 76.877602
59.478370 100.528347 94.524488 69.930994 76.918514
58.782763 101.566913 93.867614 69.424462 76.863566
57.809313 102.828120 92.612958 68.387612 76.370430
57.930208 103.318339 94.317261 69.698219 76.839940
58.025202 102.017488 93.598170 68.935427 76.290421
59.088273 103.291606 95.163268 69.474896 76.475027
59.492699 103.316660 94.817345 69.066815 75.218185
58.584951 100.842752 93.451618 68.534082 74.577476
56.965290 99.698395 92.494342 67.286571 73.331447
58.161526 99.918424 91.821702 67.807610 73.342364
58.582399 100.692306 93.086562 69.282281 75.156425
57.380365 98.676801 91.550349 68.265874 74.418106
57.067740 98.740427 90.220527 68.162110 74.488943
55.842400 98.532855 88.183364 67.080032 73.202902
55.525985 99.652361 90.594723 67.340713 73.204316
55.635877 99.473354 89.933217 67.156079 73.623591
56.207857 100.594733 92.162791 67.424344 74.557474
56.183046 99.588674 91.495854 67.775613 73.436635
56.329150 99.364410 92.176193 67.303911 72.718156
56.606439 99.857377 91.812237 67.550579 72.067006
56.053567 101.648792 93.347918 68.188209 72.634625
55.790179 105.493577 94.889279 69.341691 72.969826
55.711926 104.856602 95.737748 68.472105 73.164268
55.257053 104.787215 96.634820 68.627109 73.350837
55.558674 106.625209 96.019333 68.418964 74.293290
55.429240 106.204077 96.048671 67.636128 74.575969
55.231141 105.450923 93.404540 66.443279 73.270271
55.552933 105.774329 91.938531 66.130493 72.938951
55.805453 103.735042 91.095252 64.837040 71.225938
55.244167 104.629769 91.144767 64.817627 71.917808
54.292170 105.033568 91.535390 64.301400 72.078850
54.231143 104.658178 92.475637 63.258502 72.243908
54.339776 105.840383 93.757844 64.476509 73.515638
54.003246 104.926198 95.105660 65.379497 73.636425
53.949104 103.574888 94.934700 64.919903 72.613062
53.681516 102.775069 93.752386 65.406552 72.900678
53.576341 102.638585 92.921195 64.610626 72.356725
54.573024 103.455661 94.194465 66.093178 73.474152
54.062129 103.939833 93.679121 66.269367 74.260428
53.820052 102.738285 93.164601 66.934522 74.298997
53.599724 103.168748 92.377592 67.533727 74.353004
53.650797 104.897949 93.365786 67.594218 75.672690
54.056626 103.201279 93.879177 67.323833 74.738254
54.573371 102.584927 96.243810 66.706963 74.760403
54.541682 103.569015 98.598184 67.663387 75.360670
54.375644 103.165960 98.247892 67.237846 74.766881
54.580514 104.786465 99.835960 67.022366 75.897059
54.251152 104.002489 100.040661 67.145461 75.403742
54.754911 104.933793 100.293813 66.626916 75.903900
54.552148 105.790890 101.308075 67.235053 75.818363
53.450907 104.743850 101.264526 66.761193 74.930610
54.043783 105.074489 101.937974 67.944701 75.891528
53.569288 104.648151 102.180987 68.895433 75.271539
54.092116 103.696709 101.585479 68.381081 75.456458
53.448798 101.803517 101.764080 68.779496 74.584831
53.295207 103.908647 101.792989 68.931064 74.266810
52.361648 103.729520 102.074285 67.735355 72.608784
53.268420 103.066188 103.427214 68.925540 72.552648
52.529071 103.250535 105.243654 68.033601 72.957203
52.092558 102.762815 105.669751 67.642831 73.331134
51.904182 102.608573 104.684907 66.942527 72.520572
51.651398 102.708317 104.453640 67.719813 72.419521
50.963052 101.671297 104.087206 67.180489 71.405741
52.126001 101.574990 105.371054 67.620811 72.453893
52.809990 102.783147 104.753735 67.399620 73.246566
52.827760 102.696492 104.443230 67.397187 73.292837
52.799951 101.673633 104.747317 66.948346 71.914975
51.456102 102.700223 105.448639 67.555245 71.759404
51.967805 102.828789 107.576126 67.643036 73.387874
52.962470 102.191840 108.347752 68.523808 72.826575
53.821785 103.845737 111.557289 69.097862 72.895788
53.626415 103.090682 110.729199 68.571993 72.835446
52.951982 103.870560 110.333373 69.135303 72.426855
53.079166 106.085661 109.635765 69.280008 72.904296
52.584476 106.722472 108.623750 69.594958 72.433935
53.006499 108.649996 108.038694 71.526663 73.288006
53.527178 106.391020 107.722171 71.588653 74.004368
52.908288 105.000823 104.872716 70.290804 73.780081
52.650128 106.147561 104.004213 70.256808 72.143988
54.271960 107.156177 105.360187 70.803201 72.153684
54.626516 108.893908 106.482924 71.917912 72.400810
54.862187 109.556577 107.812521 72.495774 72.077730
54.596685 109.917145 106.594282 72.498201 72.280991
54.394672 111.316324 105.996912 73.440678 72.426298
53.862071 110.644833 105.061098 73.047247 71.678437
53.587410 110.811486 104.405778 73.122308 71.997537
52.951649 109.684658 102.719243 72.338096 71.736466
53.765715 110.800237 103.695718 73.512455 72.150148
53.904040 112.489007 104.226687 73.532542 72.522829
53.020193 111.366505 102.785745 73.062875 71.646112
53.781770 111.825189 102.101191 73.877195 73.420211
53.827196 111.105116 102.186476 73.205219 73.145375
52.708332 109.416032 101.738797 71.900023 71.144754
53.407269 111.632537 102.403200 72.731051 70.821062
52.981411 112.440653 103.548365 72.773676 71.449173
53.708436 115.261174 104.097517 72.924415 71.782635
52.939467 114.314285 102.682248 71.517114 70.579584
52.731956 116.666658 101.618508 72.493738 71.039606
52.473823 115.722464 101.752513 71.756925 70.830055
52.683941 116.793063 101.563399 71.562097 71.234322
53.515365 118.241512 102.214659 71.418427 71.661646
53.236220 118.362890 102.477793 72.056769 71.325009
52.618901 116.286204 100.183430 71.497571 71.137719
53.271250 116.451195 99.616129 72.681819 71.277911
53.358905 115.567326 97.584505 70.648775 69.503845
52.657307 114.287672 96.889752 71.426326 69.951119
53.194385 115.225492 98.105034 73.822532 69.722190
53.418691 118.030529 98.223596 73.721033 70.439586
53.334598 116.835795 97.405869 73.486217 69.229057
52.704388 116.946555 98.259878 72.977629 70.503084
52.221762 117.889845 97.103389 73.375946 70.178931
51.697835 118.751574 98.520860 74.016592 70.665702
51.501564 120.129537 98.990983 74.100378 71.951676
51.561789 119.356899 99.322307 74.697474 72.839230
51.672284 119.490011 99.551411 76.553786 73.418900
51.527417 120.910323 99.643193 75.935241 73.975887
51.294684 120.093763 96.382794 74.401142 72.943471
50.876034 118.221525 93.765401 74.722084 72.051108
51.440085 116.100559 93.246363 74.068699 70.459354
51.490398 117.561676 94.008828 74.483162 70.479507
51.509967 116.597299 93.728896 75.426710 70.617827
51.407510 117.790022 93.264966 75.936969 71.188608
51.484909 117.320561 94.175695 76.098482 70.827936
51.903970 115.114389 93.245564 77.098633 71.117733
50.846587 115.250629 92.280326 77.498351 70.416856
50.462333 116.655651 90.379246 77.330131 70.364538
50.247935 116.341470 90.062154 75.257141 70.410453
50.553207 116.436531 91.247096 74.991399 71.293452
51.059649 117.187491 92.139872 75.058138 71.407708
50.026348 118.552836 91.238991 74.411743 70.249084
49.674082 118.546942 89.810125 74.428195 69.950299
49.020911 119.032490 89.768363 73.959965 69.695628
48.135226 119.503353 89.001245 74.748006 70.320502
47.823195 117.489646 88.636312 74.201018 69.796765
46.692359 117.978226 88.562985 73.797529 69.748795
45.945010 117.818772 87.334204 72.532520 69.568587
45.681691 118.817249 86.482078 71.544799 68.413102
45.882338 116.730104 84.986420 71.521364 68.408881
45.743740 117.272032 86.003818 72.114004 68.777848
46.220298 116.568995 85.291684 74.102630 68.882873
46.644134 119.177618 86.788481 74.606537 69.606739
46.676031 118.829928 85.802272 75.427508 69.215928
47.031017 118.736277 84.821576 74.673868 69.254040
46.653839 119.873361 84.881751 76.316646 70.612980
46.799633 119.095164 85.788954 75.656123 71.195616
47.276926 118.926027 85.653747 75.186764 70.949341
47.100402 119.090767 86.284925 75.198933 71.040385
47.725197 119.474550 87.177704 76.506201 71.295788
47.221012 119.898942 85.576357 75.341714 71.181203
46.865419 119.609380 86.576869 75.320876 71.172209
47.184365 119.552532 85.713451 74.731845 71.592744
47.324800 119.935569 86.055844 74.838600 71.404850
46.641874 122.930137 85.201106 75.351468 72.020527
46.648927 123.195410 84.303124 75.037416 72.157363
46.200777 124.371243 83.987976 74.071617 71.451426
46.401944 124.781851 83.644376 72.990506 71.187809
46.147868 123.566609 83.067289 73.176131 69.091042
46.584525 121.633181 82.850160 73.944357 69.527756
46.251429 121.703902 82.461975 75.310374 70.090106
46.672868 122.864525 83.319314 75.029322 70.364677
45.391607 121.349962 83.168398 73.481445 69.879056
44.843189 120.704544 82.658208 73.663921 70.106159
44.973762 121.184688 81.917928 73.322685 70.609058
45.045887 122.841721 82.995802 72.534651 70.086941
45.334655 122.754583 84.116465 72.116758 70.316365
46.655182 127.182737 85.062745 72.621275 72.299632
47.225625 128.342025 86.293030 73.091995 73.802746
47.645482 128.205091 86.971016 72.831402 73.412586
47.773719 129.804466 86.735691 72.967574 71.952858
47.677025 130.772068 85.900109 73.555885 71.836653
47.886696 128.112306 85.762189 72.167106 71.756337
48.023000 128.065284 84.897983 71.629763 71.182901
48.809700 129.975961 86.458078 73.227291 71.674839
49.069812 130.131920 87.197960 72.277197 72.282644
49.554568 128.420660 87.131801 71.779735 70.625144
51.189377 129.228025 88.941910 70.660608 70.454064
50.323478 128.410190 86.656896 69.866453 69.725917
51.238285 126.722071 87.757399 69.444238 69.235181
51.094839 125.883103 86.753009 69.655637 68.852266
51.431778 129.023609 88.014181 70.516606 70.603525
51.326298 128.019445 87.768850 70.812773 70.484338
51.817699 128.446331 86.472775 70.071952 71.238695
51.737072 125.935504 86.698986 70.271095 70.811870
51.500191 125.903559 86.012931 69.780821 69.788580
51.593820 127.184032 86.473297 69.982105 69.036268
50.844916 124.858620 85.414881 69.252901 69.090597
51.419132 127.089653 86.337814 70.257806 69.408273
51.254766 125.824613 85.588443 69.246596 68.074598
51.264637 127.052286 84.518388 68.734235 68.290430
51.545742 125.394095 84.040556 68.638690 67.465757
51.991940 125.719872 84.791283 68.582548 67.415716
51.504612 126.058359 83.517229 68.428042 67.459572
50.559194 125.708198 83.434465 68.048356 66.904599
50.561142 128.444212 84.426336 68.167866 67.696178
50.674291 128.792692 84.071434 69.131784 68.104216
50.311237 130.347461 83.569954 70.503532 67.563379
50.201765 127.655437 83.665440 69.497375 67.349507
50.187115 129.123056 84.277367 69.187573 67.459969
50.616473 130.110984 84.210196 70.140359 67.837577
50.682800 130.188169 84.681255 70.202451 68.362875
50.804839 128.759381 84.477889 69.787091 67.996782
50.094138 127.577125 85.090472 70.341731 67.129830
51.023242 128.557114 87.032522 71.124550 68.239762
51.299250 129.957868 89.066396 72.216410 68.701338
51.630143 131.833198 89.824312 73.058362 69.889028
51.613041 133.688570 89.712857 72.337596 69.220006
52.359627 132.672306 90.713356 72.243363 69.330964
53.043622 132.615922 90.273717 72.520072 68.799019
53.803006 132.935930 91.335575 73.585369 69.047706
54.348106 133.290898 90.597854 73.410163 69.026433
54.276137 133.784902 91.400992 73.155269 69.584778
53.444927 132.027913 91.391188 72.273462 69.696050
53.708959 130.876771 91.895835 72.884944 69.454571
52.814371 129.296016 91.841040 72.035838 69.189997
52.725269 128.878367 92.965696 72.628203 70.893067
52.357965 128.323263 93.043699 72.798563 70.589004
53.364016 129.972801 93.291274 73.157692 71.266034
53.690995 131.814121 94.868289 73.371600 71.392051
54.580247 134.189322 94.571790 73.864300 72.392849
55.311674 135.798227 93.680969 73.533668 73.443721
54.641359 136.663602 93.143480 74.135604 73.399942
55.047045 137.408116 93.432210 74.598124 73.767159
55.580455 136.785132 94.084086 74.850352 73.529213
55.146507 136.570716 94.575536 73.248010 73.767659
55.483008 136.844016 94.345365 72.179534 73.573709
55.451788 137.378193 94.624202 73.124093 73.532613
55.401353 136.949478 93.214924 73.181142 73.439469
55.252167 137.042088 93.078048 71.979073 73.760223
55.847306 138.159197 93.436828 71.388761 72.802374
54.571105 137.429753 92.290173 71.828432 71.109826
54.661270 135.393589 91.049317 70.173069 70.034277
54.970696 135.028797 90.433729 70.009130 70.707168
54.995265 133.647010 91.404458 70.395502 70.700034
55.338931 134.637793 92.565903 70.088525 71.048259
54.756219 133.076378 91.698497 69.117764 69.481208
54.056349 134.650341 91.689128 69.870153 69.134213
52.512028 133.089401 90.238914 67.676524 67.836539
52.752335 135.116692 90.949112 68.455559 67.792864
53.862101 136.359238 92.387150 68.952330 68.695141
54.425548 135.805171 91.503352 68.830830 69.444161
54.385190 136.853551 90.581737 68.569645 70.082015
54.498525 134.850690 89.370328 68.353251 70.154695
53.642428 131.386589 89.966098 68.837750 69.589999
53.437281 130.044509 89.711929 68.492503 69.463991
54.100957 130.442905 89.436848 69.137866 70.155906
54.576881 127.853387 89.648385 67.947714 69.602337
53.439593 125.596086 89.285451 68.280343 69.812148
52.834433 123.391879 87.697587 66.337712 69.644400
53.090808 123.780622 88.866616 66.668318 69.703899
52.345768 122.426541 88.020022 67.109590 69.611810
51.749758 123.048631 86.420647 66.749780 68.906337
51.978528 124.145799 86.430891 67.360678 69.496996
52.058527 125.483250 84.829705 68.014181 69.459899
52.032303 127.571121 86.112291 68.397764 68.666496
52.460232 126.530673 84.923181 69.013967 69.140632
52.020060 126.696956 84.743664 70.233817 70.728151
53.145691 127.743605 85.854318 69.971747 71.040174
53.452408 127.137540 85.475593 69.882409 70.146512
53.831151 127.101984 86.140753 70.671704 70.443206
54.139411 125.465406 86.864563 71.484029 70.361866
54.358063 125.953222 88.761225 71.964773 71.287703
54.917642 128.011998 91.409872 73.673172 73.119460
56.074647 128.282761 92.944898 73.958407 72.575599
56.515293 130.164904 93.888123 74.882835 73.119108
55.888654 132.899816 93.016267 74.892267 73.924706
57.001423 133.551436 93.732912 76.457436 74.235949
56.033365 132.666527 92.766813 76.636070 74.348062
55.586889 130.344326 93.005024 77.056447 74.832872
55.638983 133.383260 91.331316 77.315742 74.037086
55.779230 134.031445 90.571149 78.051897 72.940827
55.360531 134.517056 89.434950 76.373484 73.237922
54.907063 135.661309 89.076423 76.227371 74.899171
54.152732 135.284293 88.965869 75.892030 72.936342
54.308355 136.261922 90.990597 75.647191 73.050864
54.121267 136.916224 91.893603 75.462515 72.854180
54.680486 137.244599 91.333621 75.690430 72.364004
54.365518 136.951099 91.087862 73.634050 72.284813
54.161299 139.745865 92.518786 74.783548 73.029330
52.958492 135.986399 90.966245 73.659848 72.411250
52.926839 136.881725 90.768909 73.685264 71.670720
53.206152 136.025395 91.531526 74.143385 71.114074
53.723762 137.759383 90.800268 74.277192 72.710847
53.676381 139.304668 89.177609 73.775494 70.760153
53.221321 138.597242 90.006381 73.644587 70.470982
52.579899 138.207930 88.752143 73.389809 70.404846
52.442234 137.592481 89.365393 72.794219 70.265822
53.331762 140.206421 90.338744 73.857029 70.942999
53.941112 141.101406 91.380035 75.400471 71.145569
53.933535 142.129763 90.425169 75.428906 71.783021
54.262258 143.455126 91.086070 75.646125 72.409901
53.658095 141.989651 90.429293 75.267246 71.453755
53.800944 142.068415 90.749829 76.270721 71.080577
54.398467 142.435000 90.892801 75.618747 71.390369
53.995721 141.681967 92.472012 75.614853 72.046848
53.814553 141.673630 92.816907 74.299271 71.978528
53.757775 140.763711 93.514045 74.510652 72.146949
53.398576 140.673438 94.055894 73.349044 71.974104
53.531961 142.206362 94.700902 72.263744 73.183872
54.515380 143.438927 95.985096 73.127979 73.843538
54.928542 144.920674 96.516072 73.453785 74.522901
53.785572 143.817225 96.940918 74.444836 75.844268
53.641931 144.548289 97.349830 76.084836 76.546761
53.259911 142.434002 97.945653 75.929422 75.751827
53.221150 143.056337 99.535827 77.105451 75.918219
54.177351 145.677778 101.241956 78.992882 76.907318
53.133827 144.003135 100.481003 78.536392 76.395955
53.560627 146.363354 101.601960 79.038735 76.596427
53.894281 146.000659 101.671837 79.273636 76.038662
53.351026 143.882224 99.653788 79.394307 75.961313
52.657815 144.868846 100.313880 78.320079 76.285119
54.044016 143.676297 100.604487 78.307451 77.111272
53.246346 143.755457 99.327907 77.905405 77.532780
53.616739 145.675454 101.353915 78.257953 77.895178
53.713281 145.993809 100.457207 78.587261 79.441999
53.953012 144.502016 101.001541 77.685850 79.030552
54.681754 144.235672 101.788790 79.544147 78.122376
54.689813 143.762903 102.105670 79.128339 77.869804
53.613822 146.213994 99.674288 78.868713 77.556642
53.204651 150.155293 100.256347 78.716977 76.789954
53.410663 149.678525 101.497858 80.492828 78.276755
53.784318 149.229058 101.175473 81.829245 78.061622
54.385452 150.969422 102.147628 81.443123 77.552270
54.883456 152.642837 102.268736 82.371872 77.543728
55.066665 152.166064 101.777211 81.551253 76.813972
