# maturity time: 1.000000
# model size: 5
# number of dates: 365
# spot: 100.000000 100.000000 100.000000 100.000000 100.000000
# dividend rate: 0.000000 0.000000 0.000000 0.000000 0.000000
# correlation: 0.000000
# volatility: 0.200000 0.200000 0.200000 0.200000 0.200000
100.000000 100.000000 100.000000 100.000000 100.000000
99.820557 99.483078 99.764294 99.664761 100.272546
100.612405 101.212861 99.583507 100.473411 101.700510
100.347691 100.300838 99.137288 99.695386 101.970254
99.217683 99.987149 99.283347 97.350513 103.496067
99.050735 100.549573 99.060546 96.880460 103.113513
98.930895 99.827544 101.726796 96.509879 103.811749
97.914034 101.419677 103.505839 95.815262 104.399209
97.380515 101.550007 102.447356 95.173477 103.895484
97.207436 100.953184 104.688189 95.328425 103.443523
95.657771 101.836640 104.761573 95.727927 103.611817
95.225641 101.994614 105.189321 96.002779 103.719439
94.698883 100.088885 105.453804 96.818593 103.682365
94.315117 99.923858 107.544227 97.218818 103.074915
96.072111 99.830258 110.181506 95.271806 102.859439
96.658275 99.607695 109.211321 93.812797 104.272151
99.742890 98.490179 109.334910 93.647972 103.673567
101.316086 99.082584 110.356000 92.360536 103.654277
100.766636 98.995533 108.807796 92.929665 105.284329
100.936713 97.500607 110.227138 91.875527 104.886146
101.819980 97.909183 110.380634 91.959695 103.706032
101.006628 98.141343 111.613246 93.689601 105.062622
102.279341 98.539281 112.865288 93.717265 105.093800
101.951947 99.669447 112.622915 93.610682 106.074209
101.848861 100.028262 112.704147 92.304985 105.096441
101.527710 100.657589 111.056635 92.345716 104.923182
101.038508 99.028044 110.888467 91.702197 104.541813
101.832396 97.480480 110.310942 90.677967 103.616244
101.799434 96.681409 110.443003 90.884025 103.431515
101.070160 95.712696 109.328903 88.862786 101.640173
100.497599 96.626013 109.534883 88.132115 100.987395
100.557250 96.111397 110.452216 88.745647 102.472300
101.288460 97.511311 110.073838 88.267317 101.710770
101.127402 98.480226 109.735876 89.138642 100.288357
101.767541 98.442372 109.328693 88.724125 101.900405
102.162126 98.178137 108.890866 89.686111 100.936251
102.266113 97.951887 108.468138 89.895905 99.322848
102.536634 96.093735 107.691568 90.341374 98.158145
102.943589 97.512789 107.134242 88.421629 98.851227
104.831025 98.117655 106.419424 88.898019 99.052106
102.976821 100.438808 104.651160 89.910254 100.559325
102.993729 101.516351 105.701900 91.071755 100.754795
103.327609 100.594039 105.383440 92.032361 100.470924
103.343943 99.684808 104.427273 91.968392 98.677672
103.652945 99.297787 105.325267 92.161234 97.526793
106.546237 99.455158 106.663957 91.142529 98.291035
107.137390 98.753675 105.584293 90.243872 95.787098
107.112995 100.482496 104.794936 92.400253 96.222270
107.202867 100.961483 105.345431 93.134073 95.700950
107.772609 99.198366 104.113268 91.532609 95.490088
107.286040 97.579130 103.754363 89.892535 96.410867
107.678585 97.287768 103.934482 88.927387 96.563681
106.898920 95.003028 105.297450 88.119558 95.814792
108.356312 94.796059 104.565436 87.006516 95.026153
108.048473 95.716513 103.448319 85.715616 93.063799
108.905481 95.626489 100.650421 87.823596 94.140412
108.588400 95.876720 100.696972 88.359907 93.757014
107.938712 95.718796 101.716969 88.645965 95.495248
107.377831 95.081888 101.489328 88.022504 94.906205
108.473850 94.305383 102.400283 88.715204 94.707068
108.140102 94.628503 101.180422 88.046149 95.561359
108.070454 94.076138 99.776166 88.936550 95.411346
105.023081 95.013234 100.412574 88.272812 95.351768
104.540664 96.564974 99.735601 87.801187 94.343130
104.873078 96.459264 99.249425 88.845818 94.182568
103.505627 96.134536 100.637720 88.957377 93.882537
103.743729 94.498100 99.560441 87.412865 93.627495
101.282748 94.288954 100.348084 88.322445 93.574839
101.203754 94.192892 97.432021 87.903426 93.598365
100.055796 94.867482 99.322947 88.655304 95.220506
100.792471 93.726078 96.984512 88.923751 95.603402
100.764435 93.610296 97.331830 88.802994 94.704711
100.459783 94.004803 97.678467 89.596248 96.026639
99.960550 94.920032 96.351685 87.858541 95.911602
98.599051 95.561897 98.209138 87.871846 96.060215
98.210026 95.492341 97.588496 88.357899 96.577437
98.335118 96.192792 98.299918 86.289470 96.208376
97.549233 95.214104 100.941662 88.003217 95.653467
97.055052 95.389467 101.648137 88.915544 93.139577
97.249423 93.075155 101.762479 90.216536 91.339446
97.367253 92.384064 101.516236 90.531745 89.933725
99.936029 93.469680 102.922954 90.977664 90.103660
99.864175 92.817899 101.794904 89.600203 90.184884
99.811684 91.942123 103.347038 90.740153 89.537867
100.069435 92.578748 103.152949 88.121494 89.361670
100.611184 91.598293 104.103473 88.450708 90.745431
98.590802 91.570903 105.240645 88.533357 91.629800
97.989164 91.993873 107.754889 86.659679 91.865437
97.841027 92.874957 109.347893 87.170052 92.743229
99.166314 91.918733 107.875364 86.898496 93.519170
99.008064 92.358602 108.901936 86.521754 92.026171
97.657169 91.359534 106.726969 87.978858 92.269383
99.419061 89.982931 109.038702 88.034590 92.521050
99.589375 89.471767 108.576747 88.540872 93.780295
98.273151 88.377110 108.569539 89.634654 92.448233
97.758335 88.616382 108.775300 89.397630 91.957837
96.745878 86.497502 106.349030 89.800477 89.058073
98.140107 88.015292 105.870038 89.999231 88.751815
96.539116 87.470173 105.785553 88.772258 89.605049
96.103326 88.001243 105.744340 89.263545 89.536417
97.268893 88.594698 105.609579 88.628994 89.025327
98.937083 88.645919 105.334437 88.934594 88.949579
98.996092 89.438560 106.065832 89.059541 89.062722
99.206006 89.537673 105.623483 89.285283 89.010088
97.355896 89.102912 106.473505 91.638671 89.381249
97.777845 90.696564 105.230389 90.795951 89.854182
96.498828 90.689462 106.138922 88.752004 89.925306
98.286043 90.565406 104.887953 89.337839 89.293798
97.083936 88.533084 106.939423 89.691056 88.491105
98.662730 86.852404 108.545654 90.749985 87.542249
97.739151 86.672257 109.430234 90.079741 85.875671
97.011393 85.625325 109.777634 90.489359 84.189138
97.054122 85.403524 108.965763 90.939521 84.436848
96.640606 84.273518 108.446102 91.433502 83.027168
96.429645 84.979893 109.575707 90.807480 82.053107
96.773220 83.707402 107.524284 90.846960 82.618216
95.958802 82.813352 108.270625 91.771864 81.217687
96.873258 83.521842 109.067991 92.867872 81.550726
98.773929 83.388843 111.529513 92.948540 81.429069
98.927529 83.492197 111.485104 91.552270 80.152261
99.303992 84.001931 112.859207 91.676184 80.897669
97.924649 83.157435 114.907826 92.588942 80.309502
98.612234 82.709570 115.421220 92.857413 80.679189
99.754492 83.203108 115.227353 93.593609 80.466524
98.501715 80.949583 114.546391 95.129968 81.690226
98.339058 80.310178 114.151671 94.051969 82.313663
98.029543 79.244231 115.483371 94.334132 82.207167
97.296183 77.718520 115.843593 94.428547 83.595938
96.529406 78.284990 116.489879 95.678894 83.159664
95.291860 76.482209 116.914404 95.586033 83.479269
96.138581 75.926469 118.552239 96.103176 82.462415
97.374752 75.517386 118.312381 95.228713 83.736937
98.903823 76.445388 116.620620 96.239882 84.929563
98.126373 75.902907 117.091532 96.884144 84.791737
98.278829 75.027953 115.117000 97.830714 83.626709
97.681523 74.159990 114.607294 99.789624 83.808241
98.896121 74.029652 113.909620 99.931656 82.722085
98.849077 73.282732 114.461536 98.188367 83.388349
101.708065 74.510738 114.473733 98.160341 83.560913
100.456546 73.354606 115.139700 96.714669 84.988594
99.763613 71.645041 116.580576 96.089975 84.481084
100.739452 72.182147 117.771579 96.116222 85.306668
101.880225 71.158766 116.203085 96.585345 86.959147
101.418952 70.096611 114.906128 97.021500 88.471485
101.342533 70.076459 116.975767 96.567699 88.777376
101.366048 70.861167 116.658270 96.597557 87.916397
100.743780 71.310554 114.946656 95.121994 89.090393
101.791836 71.868129 113.394618 95.013387 87.582375
101.730349 72.034184 112.610052 96.041455 87.566110
101.853681 72.413861 113.733113 94.466349 87.612798
101.235479 72.781664 113.076467 95.677346 85.832864
100.706150 73.154311 112.883566 95.374069 83.646394
102.838086 73.290167 110.630898 96.054929 84.089586
103.848972 73.459925 109.691899 95.614708 83.999333
104.664598 73.653903 108.043351 98.209225 83.953844
104.296562 74.164216 107.056792 98.736399 83.969430
105.293585 74.439858 107.255884 99.647303 83.956678
105.557711 74.080971 107.459607 99.900241 83.157294
107.240907 75.193926 105.380159 98.733055 81.659473
108.702473 75.501899 106.825363 99.123998 81.292304
108.591830 75.038806 108.989728 100.476220 81.854987
108.391678 77.036861 109.750604 100.990390 81.010478
107.735380 74.842648 106.594391 100.175707 79.539147
108.816013 76.720438 106.047009 98.442802 81.227219
109.939420 76.940628 103.884192 97.427332 80.253989
110.751189 77.178302 103.065008 97.507344 80.098263
109.175414 75.980876 102.946817 96.635890 80.784761
106.973200 75.787524 102.736808 96.551935 80.808147
105.621506 74.106629 101.930990 97.341921 80.976533
107.154474 73.876946 102.108013 97.493419 80.484535
107.965203 73.410931 101.812777 95.690477 80.224216
109.482339 73.805837 102.574057 95.882215 80.259946
108.451530 74.968951 102.831233 96.121187 80.443369
109.016499 75.170626 106.382154 98.231899 79.789179
109.114258 74.543741 107.152879 97.424174 80.824962
111.677688 75.108909 107.198657 97.791929 80.689017
111.594249 74.905335 106.537006 97.192599 79.015881
110.670399 75.027783 105.691345 95.945965 78.354487
111.934331 74.786557 105.517619 97.014248 77.505034
111.547436 76.418803 105.058422 97.848300 78.242326
110.959704 78.333875 105.330571 99.189920 78.587817
108.818525 79.108555 105.595705 100.261257 79.866198
108.898545 79.136121 107.030269 101.355841 80.021612
108.647078 79.194982 107.345216 103.569887 80.626045
109.334209 78.216269 107.396637 104.213299 80.155505
109.122895 77.462887 107.043858 105.687265 80.915077
109.800447 76.833063 107.416509 103.857743 80.764406
109.051973 76.965679 107.922440 104.058201 81.697776
108.150660 76.552571 110.094278 107.524971 81.836640
108.453376 75.714297 111.202225 107.414779 83.328839
108.126191 75.244104 113.113593 106.052066 83.205489
109.498015 74.599921 113.057714 107.399500 84.586877
109.887968 73.118604 113.361653 105.663321 84.799832
111.974198 74.165851 114.789451 107.665146 85.821970
113.485225 73.935981 114.309382 107.652566 85.544290
112.946536 73.415316 113.105310 107.486448 86.142753
111.406067 73.336610 111.725476 106.876356 87.055609
111.836119 73.162843 112.038344 106.678533 90.018242
111.540484 72.771033 111.790035 108.138201 90.207650
113.314107 72.819086 109.273208 109.275906 89.711637
112.869817 72.852460 111.908843 108.795384 90.331309
113.572738 73.161026 112.634195 108.495971 89.904528
115.171711 74.058696 114.059824 108.178989 90.136000
115.759789 71.983239 115.706473 107.388834 90.470005
115.813883 72.583932 114.669669 105.125970 90.376237
115.880787 72.077458 115.859249 105.672853 90.323069
116.362514 71.123739 115.004185 104.888182 90.856817
118.283858 70.274124 113.853714 105.938873 90.373779
119.761809 69.805882 114.366434 103.889963 90.361016
118.567039 70.368071 113.728021 103.301360 91.593522
118.391140 70.176803 111.198234 105.166894 94.037578
117.226789 70.517299 111.025054 106.735955 93.937966
116.759392 69.638173 109.373140 109.363262 93.802792
115.508924 70.324587 109.636022 110.461739 94.033551
116.222907 69.777944 110.382046 110.679640 92.247614
116.397726 68.914039 108.797946 109.087552 90.914321
116.107045 68.338313 108.556302 109.597406 89.907118
118.288076 67.940575 107.452579 109.437866 89.420418
120.119226 67.209261 108.934230 109.809521 88.747853
120.605352 66.019629 109.727755 107.772197 89.743486
118.831054 65.628609 107.589444 109.532864 89.918405
118.720984 64.980408 105.460695 111.212660 92.000464
119.651189 63.934746 106.169982 110.990076 92.631633
117.687615 63.476996 106.108021 111.325224 91.613438
117.534435 63.519118 105.057162 108.604044 91.176752
117.033286 64.296047 105.977995 107.171351 91.017339
118.332081 63.997468 104.380898 106.681716 91.454288
118.607379 63.003064 105.274268 107.380078 91.436960
118.381931 62.526180 105.835016 109.379805 90.705536
119.566098 62.403161 107.508624 109.268598 91.934686
118.384200 63.545715 106.865815 107.885537 91.936485
120.816415 62.893547 105.865905 107.402171 90.372932
121.690483 62.777645 104.889711 106.851699 89.500966
118.787370 63.131967 104.706719 105.563130 88.573682
118.224968 63.208572 106.366087 105.850093 88.634500
117.320782 63.353205 106.640633 104.835443 88.357040
116.805477 63.297212 104.067611 104.746413 89.743301
115.363573 63.096637 104.228176 103.078168 89.660866
116.422319 64.040991 104.771242 102.544365 89.636001
115.326018 63.711822 103.747788 102.571856 89.118962
113.181321 62.715891 103.402022 101.733016 89.089472
113.987386 63.354434 101.238507 101.786328 88.643454
114.208929 63.399121 101.489782 101.174329 89.467665
115.043300 63.399879 101.299007 102.349864 89.590969
115.556108 63.112186 100.622333 101.529870 90.238226
114.066129 62.718915 100.509385 101.287876 90.502634
113.171043 63.226651 101.910982 102.015294 91.855302
111.668791 63.109668 101.907493 100.204079 91.331463
110.421258 64.044678 100.390886 99.411344 90.961111
109.902827 63.112772 100.606500 100.821767 90.500572
108.890608 61.909961 101.215473 100.953142 90.083209
107.804143 61.334369 100.649665 100.048257 90.534176
108.606997 62.626215 99.634194 99.857051 90.946871
108.562464 62.464393 98.144117 99.841025 89.633977
107.837943 61.662489 97.838651 100.273888 89.618645
107.547380 60.971336 98.853601 100.154199 88.074111
107.752330 59.913438 99.671262 99.776559 87.680910
107.558192 60.732942 100.527597 99.226669 88.160906
108.870144 60.072900 98.957827 99.565887 86.439255
107.678508 60.947633 100.167685 100.570556 86.108202
109.426961 60.902121 100.437325 100.938784 86.118586
109.202402 61.137061 101.490191 101.638279 86.988227
109.757848 62.202916 102.243099 100.837312 87.413359
110.538219 61.124107 101.835658 101.772041 87.691754
111.421132 61.240687 101.422396 102.327397 88.155959
111.693663 62.477536 103.040488 102.024708 85.903837
112.481455 62.599142 103.430838 102.871892 85.828250
113.468944 62.340810 103.226064 104.300330 84.517106
110.405219 62.769976 101.324489 102.723074 83.016878
111.160161 61.681012 100.516654 102.493054 83.873033
110.498212 61.829129 100.383167 102.977420 83.602643
111.078427 61.273582 98.880367 104.458896 84.300283
112.185298 60.646692 100.918205 106.658318 82.788182
109.668827 61.486265 101.566185 106.528204 82.466818
109.433967 60.888858 104.171302 105.829073 83.060003
108.176525 60.524286 103.619305 105.899931 82.880934
106.864627 59.105942 102.366044 104.292226 83.162213
107.094939 59.093184 101.156579 105.846703 84.107461
106.190576 58.789708 102.558361 104.626537 84.695449
106.006542 58.423069 102.836897 106.508264 83.037967
107.009688 58.629072 102.750034 105.797685 81.780254
108.141304 59.835986 103.217969 105.589518 82.490276
107.834083 59.769203 103.187549 105.611534 81.626173
109.067732 60.239238 103.215899 106.454151 81.778019
110.128068 59.099072 103.352448 105.717647 81.185786
110.888189 59.897450 104.033042 104.672061 80.663033
110.680340 60.013585 102.841172 103.580399 81.325135
108.271670 60.169200 103.977436 103.741876 81.137749
108.379269 59.489411 104.356274 104.333745 79.801326
108.249887 59.161766 102.641843 105.948133 79.605345
109.170369 59.020322 103.181279 105.036219 80.619597
109.724161 58.574768 104.863693 104.667341 80.911321
109.673164 58.738609 107.077363 104.663111 79.851503
110.466294 59.348700 108.611099 103.854345 79.757181
111.850188 60.124907 106.667448 103.741703 81.045894
112.737159 59.319909 107.385023 103.856691 80.401668
111.346760 59.710397 107.813760 103.753856 80.334846
109.294099 58.276974 106.715023 105.269719 81.077817
109.531821 58.995850 107.394203 106.020980 81.994909
111.344896 58.306782 109.806048 105.012241 82.452793
110.253624 58.513926 111.055410 106.625358 81.718347
108.954266 58.344945 112.175683 104.797733 82.230702
107.487145 59.479886 111.723072 105.047158 80.764646
106.891566 58.947245 111.314453 102.459789 80.521903
107.032669 58.452517 111.307404 102.377679 78.838847
106.929380 58.587435 112.642726 101.714538 78.824298
105.752349 58.566005 111.505067 98.154493 79.908733
105.597275 57.464238 111.329707 97.862617 81.399899
105.526066 58.143492 108.746757 97.204419 80.867953
104.832678 59.413331 109.249315 98.526148 81.669085
104.862883 59.517150 108.646666 99.454077 82.334790
106.341441 59.823019 109.169239 101.141886 82.475707
108.494731 60.684249 110.956235 100.975075 83.619619
109.275250 60.855481 109.744171 100.807923 83.572960
110.512775 61.428135 110.897163 101.551544 84.782432
108.467478 60.782069 110.768745 103.019858 83.783163
107.206291 60.783656 110.366627 103.937305 83.344346
106.479745 60.720072 110.688849 104.189219 82.634027
106.085532 60.953824 113.405659 105.176177 80.735436
105.185033 59.715456 114.697709 106.732194 78.946580
105.879069 59.815625 115.024376 105.717813 79.686957
106.270385 59.493751 114.345420 106.227678 79.281127
104.828733 59.790445 114.505108 108.042668 80.154382
104.764119 60.367960 113.258001 108.548628 79.581490
106.053156 61.140232 112.472956 108.586599 79.262068
105.569920 61.041068 111.711606 109.607004 79.777796
105.044832 60.902460 113.769122 111.216404 80.487832
104.051422 61.441139 112.538976 115.170918 81.030065
105.267595 62.100667 109.840834 113.154317 80.633648
107.432436 61.903021 111.724125 114.946552 81.631709
105.474845 61.071651 112.973825 115.201238 83.408664
103.954836 60.977656 111.976303 114.788319 81.097199
102.727264 60.693383 111.619150 113.662081 80.683246
103.882145 60.354027 111.556035 114.834214 80.875052
102.686374 59.615025 110.582478 115.217399 80.771248
100.554275 58.617872 109.814520 114.545949 82.274367
101.370901 59.071295 109.134934 115.140149 84.263916
101.628630 59.542589 107.732026 115.535826 84.783520
102.109670 59.260477 108.753983 116.676207 85.958517
102.466924 59.690769 106.557989 117.872160 84.553623
102.214069 59.173798 107.506907 119.189716 84.289985
102.653184 59.076019 105.000919 121.693655 83.112395
103.396037 58.972561 102.990209 120.191029 82.131178
102.976622 58.110692 104.442256 119.924970 81.260063
102.134250 58.400255 107.176915 120.676971 82.573342
103.201896 58.005635 105.814181 117.123720 83.034676
101.825065 57.784291 104.742614 117.239437 82.637215
100.101606 58.468138 104.760965 117.974879 84.621222
99.862484 57.991325 105.859505 117.837386 83.528727
101.364573 57.975982 105.342117 118.360233 82.768656
100.038780 58.126425 106.077366 117.363967 82.117888
99.965273 58.582858 106.631815 116.781065 80.908622
98.523887 58.908211 106.857266 116.559337 80.245213
97.232751 59.539607 106.034229 117.035600 80.107800
97.193658 58.790889 106.184740 119.362580 80.033956
97.278786 58.010963 105.562328 118.958031 80.052093
95.972232 59.008748 107.020701 120.933968 79.419533
96.669764 59.406446 107.239400 122.853679 79.389900
95.966198 59.256081 107.973309 121.925313 78.418970
96.389457 59.868872 107.062272 122.641319 79.091495
96.197837 59.865016 108.342802 120.616809 78.222892
95.786606 59.997484 108.577127 119.686319 78.483958
95.907401 59.634591 106.529086 122.353370 76.948034
94.747406 59.517490 105.937190 122.344505 76.309957
95.211285 59.450014 105.181021 122.537397 75.983769
95.208651 60.167082 106.508270 122.969023 74.407036
