# maturity time: 1.000000
# model size: 2
# number of dates: 365
# spot: 100.000000 100.000000
# dividend rate: 0.000000 0.000000
# correlation: 0.000000
# volatility: 0.200000 0.200000
100.000000 100.000000
99.913098 99.376207
99.849749 98.404735
99.981874 97.636530
99.280099 98.951102
99.275935 99.688403
98.501670 99.512890
98.431936 98.927959
97.283473 99.944111
97.376323 98.833369
96.775014 99.876593
94.673079 100.628531
95.095797 103.253720
94.918114 104.284047
95.590285 104.356699
94.748834 102.502375
96.755971 101.986513
97.551311 102.566574
98.693109 100.213995
97.876586 100.097531
98.738160 98.222610
98.812304 98.783787
97.873564 99.856581
98.025642 101.333067
97.163679 101.850865
98.083428 101.576653
98.647308 101.411463
97.989986 101.004152
96.053528 102.420821
96.114083 102.889968
94.398275 104.114645
94.588919 105.976875
94.609081 105.310210
92.366488 104.259840
91.379130 104.409180
91.781669 104.142895
91.534500 105.377275
91.015139 105.438612
91.673530 106.576221
92.807033 106.734118
91.132849 106.960756
89.799542 106.741365
90.352009 104.897940
88.571460 104.162693
88.552325 104.209828
89.494625 106.781731
89.087810 106.583757
89.055436 107.172664
88.793915 106.023768
89.526718 105.900553
88.194787 105.951923
88.937358 106.066480
90.532612 108.073349
91.132157 110.751730
91.657462 110.737381
91.815473 110.882284
91.666214 111.541496
91.306973 110.537149
92.730554 110.358817
92.882904 110.692188
93.148194 109.254978
91.412099 108.582403
93.331414 109.127346
92.425409 107.604515
93.436303 108.540033
94.727423 109.146009
97.122439 111.722897
96.390902 111.822622
96.972401 111.820516
96.264996 109.169425
96.305391 111.736356
95.929962 111.045752
95.228199 109.808854
96.331966 110.820432
98.797657 110.460363
100.024010 108.525475
98.545558 107.875525
98.377692 106.466732
99.555376 105.255727
99.352624 105.516100
100.033169 106.872500
99.644575 107.470504
100.559180 106.771190
100.639421 109.268338
98.856081 110.843903
100.320764 109.052360
98.414521 108.220855
98.983347 109.718952
100.700644 111.779010
100.090174 111.385703
100.664193 110.141310
102.811259 111.149736
100.944706 111.641748
100.774995 111.871310
101.732948 111.602153
102.029316 113.513839
101.847418 111.399291
100.280017 111.793378
100.608469 110.161013
100.437125 110.220030
100.127134 108.831342
99.042033 109.701834
98.695301 110.968063
97.067093 111.944059
97.188222 110.645944
95.207396 109.368968
93.996541 110.382960
93.486390 111.497156
94.807887 109.078838
94.496996 108.654829
92.784301 107.713576
92.272563 106.706553
92.362322 105.975875
94.021133 107.001268
94.674827 105.686610
95.246586 104.913671
94.301492 104.532683
94.447417 104.655144
93.801627 104.090510
92.509930 104.607246
91.156738 105.411350
92.461214 106.629003
92.874532 107.397346
93.569709 108.470319
93.409430 108.505733
93.514805 107.214379
94.810229 106.504011
93.778981 107.608541
93.274219 108.112665
92.831606 107.420349
93.215749 108.198696
92.517421 107.570406
91.147242 110.377012
90.688113 108.558773
90.378807 108.969983
89.336657 110.424889
89.807500 111.838860
89.310474 113.094737
90.496040 113.763694
90.147908 114.533750
90.713089 113.932164
91.286701 115.152000
90.886152 114.540958
92.815429 113.727184
92.803486 113.442638
92.283089 113.803688
93.100408 113.887737
93.211584 114.377753
93.665580 113.509533
92.627776 113.436518
93.032451 113.199432
92.279964 113.937217
92.821399 113.245665
92.796046 111.843014
94.078748 111.781004
94.603513 111.068851
94.656563 112.205127
93.374350 109.737470
92.811573 108.789467
92.550640 109.802117
92.137058 112.202682
92.718729 111.528081
93.373396 110.287542
93.842020 111.130396
94.766692 110.967144
94.160735 110.449724
93.780871 110.326708
92.611358 111.242784
93.683942 113.766429
94.408690 115.056433
94.330555 115.033975
95.469263 115.604168
93.401722 115.587480
93.756440 114.322202
96.636057 114.451870
96.384129 114.496853
95.058114 113.925317
95.203508 114.437954
95.789504 115.111088
95.375175 113.659729
94.300854 113.044008
93.447986 112.511757
93.576918 113.072932
94.100330 111.764764
93.731036 111.459137
93.739740 110.950510
92.837727 110.064307
93.161926 110.908880
92.198809 110.845833
92.882521 112.257389
93.459495 112.187647
94.292331 112.642602
93.120383 112.563345
93.107217 112.350121
93.807450 113.799202
94.252907 113.307555
94.337718 114.216058
95.461587 113.765570
95.739628 114.032532
96.555256 112.116455
95.845719 113.606871
95.615950 113.152347
95.145094 113.574457
94.740782 112.232198
93.767724 111.045465
92.472169 111.657512
91.302920 112.155003
90.157157 111.316897
90.850355 109.766390
91.166766 110.842841
91.848555 110.849241
92.659430 110.519037
92.879495 108.280521
94.395293 108.280655
94.189360 107.683328
94.748042 108.008874
96.533220 108.329029
95.849628 107.936251
96.555218 110.467343
97.257152 111.596940
97.062786 109.559334
97.242413 109.619243
96.502120 111.895535
96.495794 111.992267
96.508399 113.311467
98.509822 110.729770
99.711632 110.490647
100.794188 109.528107
102.346232 108.511236
101.336449 109.720482
99.791933 110.771290
100.555627 112.075749
99.248659 110.665740
99.392877 109.345451
99.965858 109.832202
99.493743 110.763114
100.477852 109.533237
100.162149 108.933668
99.930592 108.591886
100.301225 108.165684
99.286372 108.132123
98.028713 108.039523
98.323468 107.838150
99.213874 108.082689
99.658103 109.373318
100.702399 109.192012
102.914407 111.252768
102.700892 111.907605
102.774199 113.704171
103.415810 112.695183
104.099405 111.936565
103.777966 114.312762
104.188321 114.059392
103.127649 113.241148
103.080656 111.133399
101.607251 110.896028
101.019257 111.270872
99.851939 111.621232
98.857804 113.699985
99.633186 114.836127
99.559033 114.110352
100.046676 115.822182
99.267337 116.878364
99.203395 117.606374
98.224090 118.683812
97.169711 118.511582
95.524166 117.003390
93.686294 119.472268
93.225503 121.159954
92.820244 119.510428
90.581595 120.494798
91.419596 118.932593
92.076425 117.004313
91.165126 116.858435
91.418869 117.463880
92.466698 115.893950
92.629951 115.761350
93.777452 116.395427
93.918486 115.802821
92.422521 114.789296
92.619360 115.050892
91.697287 114.195373
92.486992 114.438881
92.325590 115.945077
92.813449 116.042516
92.897151 114.426880
92.993420 114.764050
92.109162 114.572516
92.039736 112.850364
90.881322 114.558870
90.259989 112.754189
92.306369 111.075695
92.681940 110.525807
93.561842 110.970659
92.391171 109.924706
93.363555 110.902193
92.723835 111.198276
93.279150 111.156430
95.082450 111.980058
96.207593 111.629641
95.816188 111.358971
95.506296 111.381789
96.200594 111.923612
96.454243 111.765499
95.711927 110.514920
97.615696 112.803727
96.603652 111.575880
96.133814 111.636305
93.809461 111.330151
92.843641 112.343956
91.324982 112.612702
90.626287 114.880379
90.027810 114.869815
90.637018 113.812032
92.174023 115.166684
92.457041 114.249002
92.136643 114.224857
92.420800 113.909289
92.712457 113.767100
93.126848 112.761325
93.654770 112.248620
95.435447 110.236271
95.049845 109.863545
94.882730 111.066526
94.853364 110.464673
95.793903 113.604354
95.823319 113.935460
95.139268 114.504341
96.026944 115.640787
96.088750 114.758266
97.000815 111.906830
97.464984 111.826147
97.408428 110.301725
98.199086 111.110493
98.058093 110.646361
97.407324 111.315044
98.038265 110.898205
98.686504 113.703857
97.179407 113.312852
97.920277 113.421224
97.891734 113.191201
97.372834 111.981074
97.357342 112.929205
97.520204 111.866599
97.366123 110.803985
96.360303 111.098354
97.466633 112.120281
97.375093 113.268312
98.249961 112.771650
98.101282 111.573487
96.623796 112.112726
96.468300 112.321008
97.151318 113.238962
97.872439 114.293400
96.664105 112.351672
96.859955 110.848689
97.427298 110.074929
98.838844 109.720890
98.932913 108.480244
97.644541 109.023802
99.038604 109.361811
99.479399 109.163733
99.282652 108.283076
98.106121 107.790467
95.778491 106.794732
97.822473 107.032800
