# maturity time: 1.000000
# model size: 1
# number of dates: 365
# spot: 100.000000
# dividend rate: 0.000000
# correlation: 0.000000
# volatility: 0.200000
100.000000
100.060873
99.993928
101.123630
100.245756
101.455339
101.101583
101.033271
100.179977
100.585845
100.511565
101.460152
99.843330
98.164030
97.465566
96.408890
94.631570
93.987547
93.052980
91.540068
89.779732
90.559531
90.803682
90.789048
90.596152
90.367927
89.153825
87.979394
88.167373
88.468592
88.322448
87.026570
88.084188
87.690694
87.775809
88.625806
87.427441
84.780104
84.123535
83.980165
83.112882
82.721514
83.140002
83.192866
84.428307
84.452516
83.558830
83.504605
83.897093
83.987995
83.634539
83.742372
84.167550
84.421905
84.224931
84.018063
83.704840
81.922023
81.377961
80.612733
81.442876
80.340882
81.083777
81.403533
81.709923
81.792545
80.640654
82.673575
84.229306
84.269079
84.790726
84.335597
83.107039
84.083152
84.107271
84.651801
85.069544
85.431254
85.383727
86.019842
85.143663
85.309639
85.699278
86.619774
87.340659
87.713045
88.674542
89.158910
88.704666
88.672782
89.339982
90.190081
90.029497
90.832921
90.475753
90.195289
89.040778
87.698570
89.411390
89.491975
87.307325
87.938157
87.235246
85.016234
83.160685
83.798179
85.007527
83.853735
84.310410
84.047181
84.063188
85.160785
85.166973
85.224000
83.767990
84.454493
85.277591
86.182012
87.117253
86.770576
86.806781
86.344274
88.155308
87.027030
86.936246
86.793074
85.126886
84.846335
84.428571
82.870470
84.567546
82.912737
82.142574
83.111849
82.492233
82.019960
81.992129
82.026402
81.792244
80.925393
81.103351
78.997847
80.212446
79.423777
80.491775
80.905025
80.914266
80.947419
81.180546
79.397401
78.362060
78.828425
80.304277
81.088986
81.231053
80.980602
82.476099
82.121613
83.642069
82.820170
83.823302
83.754043
84.884781
84.298010
84.362911
84.580239
84.050245
84.611429
83.909124
84.460383
82.697812
83.089774
82.939932
83.677574
84.317057
84.898197
84.164297
85.018737
84.859989
85.373198
85.496616
84.206169
83.063384
82.629007
84.434077
84.595701
85.192110
86.010732
86.368811
88.118392
90.064461
88.351331
88.230583
87.392594
86.997367
86.298467
85.381391
84.816537
84.653370
83.622952
83.203953
83.430144
83.432027
83.514134
84.571066
84.313205
83.566796
83.978353
83.912722
84.662305
83.385863
84.294434
83.517371
82.437064
81.160209
82.409536
83.251155
82.716471
83.781249
82.785621
82.939262
82.306321
81.426559
80.737451
79.070695
79.678818
79.809409
80.818147
80.748755
78.609785
79.970733
79.798031
79.766758
80.022702
80.108269
81.644336
80.958065
80.986534
82.854664
80.077112
79.768957
79.119490
79.159469
78.884470
79.142870
78.523863
76.637362
76.058192
75.731205
73.062856
72.642422
71.856114
70.950768
69.968547
68.042728
69.018873
68.213140
68.180216
67.688516
66.683993
67.770388
69.069899
69.831511
71.757201
71.463137
71.097772
71.430198
72.555064
73.773761
73.938195
72.819146
72.197319
72.940846
72.290322
73.507161
74.123547
73.793390
73.960927
74.825470
75.271895
75.369993
75.532165
75.437239
76.309150
76.371707
76.586520
76.365075
76.815873
76.311544
75.823396
76.059744
76.409185
76.760398
77.059036
76.168878
76.317723
77.036861
76.825554
77.325014
77.571591
77.675854
77.710747
79.098010
80.069235
79.401463
78.889848
79.149278
78.753707
78.205408
77.519863
78.162797
77.279537
77.588682
78.757087
77.905356
78.069309
77.746719
77.687638
77.705855
77.108755
77.267488
77.878700
77.793498
78.860275
78.528345
79.170781
79.495926
78.305209
76.700081
77.385986
79.072427
79.003910
79.137303
79.539790
78.343144
78.370707
77.442219
78.103766
77.885383
77.466903
77.392117
76.854541
76.219139
76.097956
76.309151
76.779338
77.185031
78.182026
78.666000
77.292547
77.343122
77.791253
77.982694
78.645454
78.465567
77.702021
76.953741
77.162603
77.571236
77.105100
77.561023
77.281586
79.171615
78.635402
78.660344
77.464104
