# maturity time: 2.000000
# model size: 5
# number of dates: 96
# spot: 100.000000 100.000000 100.000000 100.000000 100.000000
# dividend rate: 0.000000 0.000000 0.000000 0.000000 0.000000
# correlation: 0.500000
# volatility: 0.200000 0.200000 0.200000 0.200000 0.200000
100.000000 100.000000 100.000000 100.000000 100.000000
98.209789 97.914344 99.917349 102.135962 102.052637
102.825177 104.689001 100.358259 105.695101 104.920385
103.724770 105.062839 103.667003 105.047076 107.833600
100.498099 105.698979 101.547391 107.583667 106.049451
100.836906 105.788402 102.904108 106.922216 107.621904
102.163155 104.612862 101.746980 103.732719 105.276532
106.558332 108.774012 100.051314 110.450849 109.305760
104.744910 107.773584 101.255304 107.527263 106.518791
99.445811 109.004301 97.778060 104.436201 100.735463
95.147100 107.361220 95.500188 101.797546 96.297929
91.217828 103.118998 95.261854 101.552348 95.440742
96.059909 104.497362 100.346012 99.556116 95.202791
93.590336 100.621132 99.632716 99.607224 91.449852
92.190315 100.756298 98.362401 99.104199 89.033877
93.121762 101.078635 96.841622 98.008002 90.977806
92.257663 100.581197 97.753393 100.237318 91.604620
95.415646 98.278811 97.570428 97.839354 91.363980
98.386597 102.279988 100.059201 102.009851 97.235342
98.875200 99.765606 101.457408 100.623607 96.802995
93.652623 97.626593 97.407991 96.450208 90.198914
93.320134 98.660931 98.731881 99.105827 90.099423
94.845174 100.224725 99.510315 100.552905 94.653530
93.495051 103.927548 98.692894 102.666617 95.939927
95.320504 104.389153 97.908406 101.839043 94.711547
94.144536 106.041864 101.527216 102.688054 95.343973
93.473393 107.788872 107.607183 106.151331 99.268635
93.990710 106.042089 111.954240 107.571387 100.240136
97.230464 107.536778 111.520828 103.673610 102.800919
92.788325 100.234698 103.755410 100.455923 100.211478
88.342825 99.628701 99.376060 95.524204 95.415350
88.596775 101.734221 101.679405 95.479733 91.493949
90.370419 103.217485 104.594260 98.578122 96.409211
91.849289 100.921393 101.530986 96.810982 95.596813
90.072223 102.484608 103.204592 96.112243 98.148092
95.081743 104.826894 108.042348 95.569464 100.746569
98.503102 107.435525 108.642934 98.142445 104.207531
97.308446 108.439674 103.367990 99.564930 103.792535
93.992036 107.114692 104.640641 98.899153 101.683498
101.812995 111.757767 108.500973 100.969698 104.792954
104.160285 113.144378 112.006312 103.083316 103.207858
102.563971 111.035437 106.065383 98.813853 105.272352
106.602531 109.921364 107.608577 102.530438 106.730305
104.872305 105.942811 104.109883 101.063357 107.841233
104.346899 105.597991 105.346246 101.425004 105.683005
104.378213 106.487093 100.059225 100.026532 105.077393
106.016502 110.564277 99.079582 100.789408 108.143418
111.026275 113.522276 106.000487 105.867146 112.413091
108.884811 112.977288 101.994462 103.465162 110.534076
110.305010 113.018314 104.338887 101.675183 111.949979
107.423409 114.070688 104.998829 102.499689 108.800015
106.845677 108.865294 104.337666 99.546966 108.108618
105.754056 107.103466 105.612911 98.893218 109.016912
102.100996 105.424873 104.562427 96.430042 106.116567
104.134314 104.520822 104.819575 101.309265 107.073701
99.921163 100.746692 100.353719 96.359699 105.386553
103.713060 102.614893 103.114356 101.153836 109.573795
103.083830 100.471975 101.633285 97.280412 107.794899
104.537944 102.741253 103.141600 95.246720 106.653850
101.959464 102.995118 106.738132 98.257453 102.805872
105.206070 108.467456 109.064518 102.659457 105.626553
99.897226 107.238695 108.546054 105.453957 101.675092
99.246334 114.435744 110.498274 105.932871 101.189706
98.363937 115.392011 106.667328 104.182192 100.237789
96.958281 115.479885 104.381875 106.531776 101.354115
96.787563 114.443521 103.905244 107.464917 101.583974
97.281430 111.805309 102.158380 105.955080 97.256305
99.412972 117.806041 103.040701 107.584881 100.986400
98.502436 120.240497 102.989039 109.247518 100.945741
99.511128 123.306504 100.855244 112.830644 100.121467
98.898335 120.680363 98.920979 105.508080 95.202359
94.018356 117.405563 92.515507 103.858836 91.862296
96.844033 117.931841 91.446880 109.546510 95.763403
96.439849 114.194861 90.640549 109.202675 94.104459
94.777042 116.008998 86.139031 106.225260 90.321922
96.266573 117.968993 85.644036 103.757768 90.343900
94.936044 117.055418 87.282504 102.036430 92.008753
99.121474 123.133706 90.591737 106.635632 97.570598
100.615725 126.503652 91.278697 105.933249 97.296825
97.687158 123.967694 88.167355 103.807812 95.836683
100.323975 123.778097 91.281934 101.803055 97.656138
99.671038 123.607967 92.649972 99.384289 100.373386
99.697184 120.323879 92.629632 102.094288 101.431614
98.485738 122.513545 94.754989 103.358878 102.408873
96.689510 119.803936 94.753598 103.356588 97.333397
91.356208 114.945827 91.366157 98.265697 96.813224
91.544734 112.729239 91.307185 100.989717 97.445845
93.680968 121.275665 91.571420 108.175187 98.287595
93.558401 122.061076 95.823613 113.686868 103.998404
94.444391 124.789568 92.925242 112.754843 102.983965
99.645185 127.764822 93.835791 115.252675 105.018951
96.636636 123.795167 89.629751 108.533339 98.200668
94.374764 121.693257 90.597588 102.147336 102.605960
92.524488 119.842582 91.916387 103.830490 107.525762
88.149475 117.799752 91.583062 102.916966 107.128198
86.328993 116.390239 93.122569 102.127092 112.413792
81.699909 116.109933 85.483262 100.287039 107.897207
