# maturity time: 1.500000
# model size: 2
# number of dates: 360
# spot: 100.000000 100.000000
# dividend rate: 0.000000 0.000000
# correlation: 0.000000
# volatility: 0.200000 0.200000
100.000000 100.000000
99.453785 99.422643
99.212260 97.465480
101.699227 98.323677
101.708563 98.128769
101.935956 99.323358
101.869600 98.787644
101.947384 100.788424
104.034591 99.574704
104.865948 98.448543
104.098679 98.797650
105.176626 100.768584
103.352742 100.275479
100.854731 102.521577
101.495599 101.163983
100.746613 99.808781
100.670953 98.006224
101.149016 95.911401
101.170816 96.059751
101.177340 96.752214
99.228394 97.221173
100.050090 94.524829
99.577756 94.727458
97.477864 97.123250
97.876633 94.959675
98.466564 96.982523
98.456297 99.465625
99.053200 99.172380
96.510890 100.107882
95.160248 100.398451
97.482005 100.189969
98.360379 101.951450
98.836492 101.172007
99.687102 100.436056
102.113859 101.767373
102.077241 101.590519
101.414875 103.886968
102.496880 103.819443
100.249693 103.930444
99.574658 103.488244
101.557180 104.055270
99.921279 103.638438
101.146111 101.859212
101.990220 101.821720
102.377848 102.761759
101.604032 103.901930
102.230546 103.872062
100.614699 106.549482
100.631071 104.521981
101.096158 103.913139
102.441703 105.297617
100.745775 105.021103
102.396412 104.526575
103.259113 104.154551
103.198328 102.972985
102.977049 104.278674
102.945877 104.118411
105.092452 104.585835
106.811328 107.160045
106.838053 104.968787
106.324815 105.203446
105.397429 106.082115
105.002019 105.701913
105.338962 104.052631
105.048325 103.260482
105.129204 103.215089
104.250057 105.861268
101.313891 106.519864
102.452380 106.842735
104.217999 108.310710
104.944972 107.698868
104.197487 110.585718
102.443500 112.131589
100.984559 112.524805
98.476150 112.650081
97.512569 114.845296
98.281754 115.015486
99.855163 114.367523
100.207351 112.902886
99.983115 114.050911
96.962407 114.782832
94.335095 115.564891
94.791400 114.121181
95.602573 114.146336
96.904720 115.926209
96.033660 115.672852
99.955164 117.272879
99.584033 117.025451
100.082309 116.302278
101.404683 115.320387
102.139096 114.186177
100.082173 114.005706
101.763441 113.228410
102.424747 113.872016
102.478659 113.595576
99.805491 112.643111
99.658844 114.020762
100.145294 114.713494
101.670311 116.036949
102.455025 115.374323
102.568474 111.848526
102.888083 111.276898
102.583498 112.649829
103.087296 114.916875
102.369096 112.047269
101.864440 111.493738
101.916887 111.861798
102.788752 111.632017
105.113497 113.997892
104.108634 112.841678
102.112251 116.092356
103.383950 114.968361
103.157095 116.510894
102.959370 119.132436
102.705176 118.298022
100.326930 118.858441
99.947257 118.458016
97.865842 121.960919
95.406309 121.547832
95.734099 118.930786
96.428342 120.292110
96.026053 120.425563
95.699130 120.662210
96.948641 121.011310
94.371028 124.372222
94.367869 123.785124
94.548580 122.387096
96.676491 123.068582
95.943910 123.012620
96.135846 121.601646
95.860089 118.613562
97.955679 116.261038
95.481531 116.598321
94.962311 117.454104
95.527245 116.749927
95.595654 117.768302
93.247053 116.462395
93.224990 116.529344
92.303163 113.773664
90.559294 111.053946
90.746131 112.256962
91.662390 112.696317
89.628397 111.405965
89.282794 110.364844
90.512408 109.310790
91.086614 110.646671
90.307246 112.089176
90.793817 109.858705
90.262496 107.884924
91.023123 106.998665
91.017743 107.673148
90.558914 109.151850
91.501456 108.462911
92.369908 108.405111
92.168360 106.678917
92.182526 107.195746
94.133385 108.374477
96.944164 108.508516
96.299066 108.957689
95.811393 108.086060
96.136750 106.998091
97.997956 107.449776
98.213836 107.156846
98.517666 106.766357
101.588127 104.917512
101.993680 102.595840
103.266626 102.962035
102.688325 104.543917
103.220190 106.340952
103.283788 106.819075
103.872849 103.001383
105.660214 104.685177
106.289219 105.177823
104.378889 107.406114
105.478521 109.182235
105.087274 110.480674
103.404437 110.636866
104.354833 109.186609
103.791019 108.401049
101.491211 106.784357
103.183106 107.829948
103.478734 107.626687
106.240116 110.319402
105.504079 111.381431
105.144577 111.660784
103.375070 111.817669
100.577801 108.778540
100.469082 110.760833
99.893224 110.851966
101.737601 110.079334
103.329152 111.347442
103.400978 111.955482
104.189262 112.686841
103.333888 112.775452
105.512721 112.345286
104.129387 111.302812
102.248016 110.948834
101.811934 111.748180
103.368928 113.887602
103.201832 115.355522
101.318022 116.820190
100.858451 115.585956
100.636190 115.704396
99.861633 113.718573
102.046932 111.740648
101.755545 111.099283
100.838843 111.666180
101.386734 112.012880
103.021099 111.497191
104.745744 112.542987
108.280346 110.986267
111.682473 111.050104
111.857076 111.054960
112.189974 108.947248
110.695881 108.013939
112.237885 107.198541
111.814827 107.093248
112.353898 109.507391
113.415983 109.895115
115.196921 109.545632
116.256451 111.874225
117.310950 112.723324
115.384971 112.054600
114.293614 115.834601
112.821483 116.242169
112.763103 115.211152
113.179962 113.126818
112.357865 113.222209
111.202371 112.219736
110.634841 113.321540
109.300967 113.539974
110.674780 113.855200
111.447619 112.135230
112.451743 112.126880
113.032265 109.699626
111.674561 111.799132
113.863959 114.038991
114.519709 116.652057
116.880683 114.494710
119.561718 114.889436
122.624528 113.045833
123.886356 115.118983
126.380229 113.572287
127.047777 116.621459
126.764141 117.429404
125.809449 117.350870
126.034969 115.399397
124.041880 115.704754
125.132680 116.102997
125.217706 116.243575
125.715551 115.007535
129.301094 113.604720
129.131569 112.403184
128.170683 114.453887
128.476714 115.406914
126.766630 112.367734
125.066299 111.831846
124.464270 111.015391
124.742676 110.624804
122.841125 111.464215
125.014202 110.781736
124.417700 112.345566
125.376968 114.486975
126.850203 113.168844
127.012422 111.002927
130.135127 114.011910
128.323493 112.186448
130.469875 113.911172
128.457890 115.104246
128.149337 114.379041
126.149295 114.644772
126.734740 113.635014
126.579943 113.931023
127.200670 116.773132
127.559756 117.603946
126.425164 118.788192
125.818903 117.876511
124.600865 117.857416
122.571297 119.224103
122.978506 120.823328
120.704437 121.968377
120.808071 126.338972
118.584763 127.406801
116.405165 125.926770
116.380268 126.278551
116.249085 128.776620
116.099345 129.557439
116.054060 129.612787
116.762923 130.310542
115.842756 130.316778
114.439787 131.071112
112.110675 130.826073
110.094287 128.583586
109.378481 131.199515
106.243394 132.760079
106.209978 129.605737
106.770413 130.280584
107.784804 127.605909
107.510925 127.999958
107.258185 129.103414
106.507941 126.579547
105.158636 127.852756
106.236959 126.235400
106.079861 128.729716
107.099356 127.220786
105.817871 126.532028
105.119811 126.722033
106.877009 128.497316
107.657148 126.036582
108.978911 125.929689
110.412573 125.471790
110.766255 128.224441
111.403068 126.865070
112.730759 126.984395
112.871631 126.549441
110.209837 128.087300
109.620643 127.214494
109.307485 127.260961
109.518192 125.172978
110.428425 124.840064
110.811615 125.337981
111.020665 121.359047
110.151814 119.371266
112.804952 118.437155
113.186215 120.945391
114.457991 118.538099
114.718639 119.295065
116.615966 117.519969
118.098082 115.562121
119.876410 115.066538
119.226020 113.636558
118.704404 113.081775
116.909652 112.126567
117.394385 112.663131
116.600290 112.374233
116.877006 112.770445
114.083188 113.681455
114.050175 114.172277
113.912603 113.169149
115.477913 111.820906
114.259292 110.344165
115.413562 113.684376
116.625165 113.158767
114.277344 112.169264
115.812684 111.782671
118.398538 110.902947
120.356646 111.241679
120.986566 111.511859
121.707716 111.450993
120.181656 112.030359
117.816482 113.152202
116.787227 115.232256
115.171359 115.489889
115.161043 116.295839
111.990898 115.712380
113.174198 117.396963
114.253113 117.664283
112.045765 117.956283
110.793690 118.938334
110.364288 119.547289
110.621664 120.495261
